0 3 0 621 430 251
1 3 0 380 430 621
2 3 0 397 569 718
3 3 0 45 622 453
4 3 0 269 481 583
5 3 0 293 556 382
6 3 0 21 379 584
7 3 0 56 564 369
8 3 0 380 668 662
9 3 0 779 487 409
10 3 0 294 366 630
11 3 0 335 662 668
12 3 0 12 13 385
13 3 0 111 112 386
14 3 0 44 45 453
15 3 0 718 569 227
16 3 0 405 750 686
17 3 0 352 405 686
18 3 0 24 25 701
19 3 0 238 567 450
20 3 0 351 689 404
21 3 0 285 367 498
22 3 0 98 383 581
23 3 0 344 722 411
24 3 0 404 689 759
25 3 0 102 388 693
26 3 0 344 682 722
27 3 0 44 453 551
28 3 0 53 768 432
29 3 0 788 231 460
30 3 0 701 25 398
31 3 0 286 372 530
32 3 0 237 414 519
33 3 0 376 497 788
34 3 0 292 615 368
35 3 0 367 734 628
36 3 0 294 546 366
37 3 0 285 734 367
38 3 0 293 382 558
39 3 0 8 592 477
40 3 0 116 476 593
41 3 0 335 520 510
42 3 0 307 549 435
43 3 0 316 405 568
44 3 0 229 568 405
45 3 0 289 374 534
46 3 0 290 535 375
47 3 0 376 666 497
48 3 0 440 748 704
49 3 0 253 440 704
50 3 0 347 779 409
51 3 0 101 102 693
52 3 0 367 628 433
53 3 0 8 9 592
54 3 0 115 116 593
55 3 0 412 788 460
56 3 0 295 620 369
57 3 0 114 593 402
58 3 0 10 401 592
59 3 0 90 776 427
60 3 0 18 428 777
61 3 0 3 396 86
62 3 0 292 368 573
63 3 0 354 679 623
64 3 0 241 504 544
65 3 0 56 369 665
66 3 0 269 424 481
67 3 0 21 641 379
68 3 0 238 434 567
69 3 0 74 381 794
70 3 0 715 414 525
71 3 0 277 451 419
72 3 0 278 450 420
73 3 0 279 449 421
74 3 0 300 560 395
75 3 0 233 395 560
76 3 0 238 623 679
77 3 0 295 369 564
78 3 0 74 566 381
79 3 0 410 657 538
80 3 0 284 563 370
81 3 0 285 631 661
82 3 0 452 764 699
83 3 0 43 44 551
84 3 0 284 370 551
85 3 0 277 510 520
86 3 0 258 452 699
87 3 0 338 414 715
88 3 0 239 392 517
89 3 0 237 391 518
90 3 0 286 771 372
91 3 0 264 512 463
92 3 0 334 463 512
93 3 0 281 425 444
94 3 0 289 773 374
95 3 0 290 375 774
96 3 0 302 383 475
97 3 0 324 492 516
98 3 0 236 515 390
99 3 0 89 90 427
100 3 0 18 19 428
101 3 0 306 379 509
102 3 0 340 587 633
103 3 0 52 53 432
104 3 0 273 666 765
105 3 0 98 658 383
106 3 0 304 519 532
107 3 0 342 532 519
108 3 0 382 432 768
109 3 0 414 653 519
110 3 0 306 584 379
111 3 0 303 435 549
112 3 0 329 410 538
113 3 0 252 671 381
114 3 0 229 576 403
115 3 0 270 643 429
116 3 0 252 381 727
117 3 0 380 662 430
118 3 0 299 559 496
119 3 0 288 672 629
120 3 0 287 670 625
121 3 0 312 587 403
122 3 0 229 403 587
123 3 0 331 583 481
124 3 0 351 404 482
125 3 0 29 775 436
126 3 0 233 467 395
127 3 0 234 468 394
128 3 0 305 511 459
129 3 0 327 459 511
130 3 0 114 115 593
131 3 0 9 10 592
132 3 0 375 777 428
133 3 0 374 427 776
134 3 0 352 484 405
135 3 0 302 581 383
136 3 0 234 485 418
137 3 0 496 559 690
138 3 0 277 478 451
139 3 0 319 685 571
140 3 0 270 590 643
141 3 0 270 602 416
142 3 0 273 765 479
143 3 0 389 714 455
144 3 0 226 455 714
145 3 0 239 478 408
146 3 0 328 538 657
147 3 0 239 408 511
148 3 0 327 511 408
149 3 0 238 691 434
150 3 0 270 429 602
151 3 0 280 516 492
152 3 0 372 626 441
153 3 0 240 654 673
154 3 0 28 29 436
155 3 0 372 771 626
156 3 0 257 686 750
157 3 0 349 720 468
158 3 0 348 719 467
159 3 0 238 509 691
160 3 0 404 721 482
161 3 0 721 227 482
162 3 0 394 468 720
163 3 0 395 467 719
164 3 0 336 572 594
165 3 0 240 673 480
166 3 0 409 487 732
167 3 0 732 487 225
168 3 0 343 664 430
169 3 0 366 661 631
170 3 0 13 523 385
171 3 0 111 386 524
172 3 0 283 410 470
173 3 0 244 470 410
174 3 0 256 759 689
175 3 0 106 767 441
176 3 0 284 412 460
177 3 0 279 525 449
178 3 0 319 526 685
179 3 0 120 121 422
180 3 0 286 753 754
181 3 0 62 63 424
182 3 0 313 389 825
183 3 0 77 78 433
184 3 0 319 544 504
185 3 0 293 665 707
186 3 0 105 106 441
187 3 0 235 475 437
188 3 0 12 385 554
189 3 0 112 553 386
190 3 0 251 430 664
191 3 0 81 630 631
192 3 0 454 675 596
193 3 0 253 486 440
194 3 0 338 550 407
195 3 0 382 556 816
196 3 0 313 462 488
197 3 0 285 488 462
198 3 0 63 481 424
199 3 0 290 763 751
200 3 0 121 483 422
201 3 0 285 498 631
202 3 0 396 607 663
203 3 0 227 569 482
204 3 0 344 426 738
205 3 0 229 405 484
206 3 0 282 571 466
207 3 0 263 386 680
208 3 0 378 436 775
209 3 0 327 663 607
210 3 0 237 518 449
211 3 0 239 517 451
212 3 0 263 597 386
213 3 0 408 478 787
214 3 0 109 585 387
215 3 0 78 770 433
216 3 0 317 454 596
217 3 0 3 607 396
218 3 0 288 629 541
219 3 0 274 421 449
220 3 0 275 420 450
221 3 0 276 419 451
222 3 0 280 444 425
223 3 0 278 623 450
224 3 0 20 21 584
225 3 0 241 544 456
226 3 0 236 444 515
227 3 0 231 788 497
228 3 0 102 565 388
229 3 0 300 388 565
230 3 0 15 393 586
231 3 0 39 40 417
232 3 0 287 625 531
233 3 0 340 633 456
234 3 0 318 557 387
235 3 0 240 661 546
236 3 0 283 469 610
237 3 0 32 625 624
238 3 0 344 676 426
239 3 0 317 393 555
240 3 0 527 711 639
241 3 0 286 530 753
242 3 0 93 629 616
243 3 0 282 544 571
244 3 0 240 488 661
245 3 0 233 420 467
246 3 0 234 419 468
247 3 0 335 510 418
248 3 0 229 484 576
249 3 0 334 655 463
250 3 0 86 396 561
251 3 0 48 49 426
252 3 0 85 561 591
253 3 0 4 98 581
254 3 0 236 390 838
255 3 0 314 470 508
256 3 0 242 491 507
257 3 0 300 395 604
258 3 0 248 399 827
259 3 0 318 387 585
260 3 0 320 505 469
261 3 0 243 469 505
262 3 0 244 508 470
263 3 0 313 488 480
264 3 0 240 480 488
265 3 0 237 800 391
266 3 0 109 387 753
267 3 0 521 747 684
268 3 0 358 787 478
269 3 0 240 709 654
270 3 0 239 790 392
271 3 0 313 714 389
272 3 0 357 747 521
273 3 0 366 631 630
274 3 0 300 604 388
275 3 0 234 394 780
276 3 0 303 398 577
277 3 0 25 577 398
278 3 0 73 74 794
279 3 0 372 441 767
280 3 0 317 586 393
281 3 0 290 751 535
282 3 0 234 418 510
283 3 0 463 655 746
284 3 0 234 510 419
285 3 0 326 453 622
286 3 0 339 590 471
287 3 0 270 471 590
288 3 0 246 400 824
289 3 0 275 467 420
290 3 0 276 468 419
291 3 0 10 612 401
292 3 0 114 402 611
293 3 0 232 457 636
294 3 0 350 636 457
295 3 0 233 458 637
296 3 0 351 637 458
297 3 0 281 444 627
298 3 0 324 516 437
299 3 0 15 751 393
300 3 0 235 516 425
301 3 0 230 406 533
302 3 0 330 537 446
303 3 0 295 446 537
304 3 0 331 445 536
305 3 0 296 536 445
306 3 0 337 527 639
307 3 0 283 610 657
308 3 0 313 480 479
309 3 0 273 479 480
310 3 0 341 609 602
311 3 0 293 558 665
312 3 0 785 325 567
313 3 0 434 785 567
314 3 0 228 609 520
315 3 0 332 540 448
316 3 0 297 448 540
317 3 0 333 447 539
318 3 0 298 539 447
319 3 0 326 578 412
320 3 0 520 609 737
321 3 0 582 833 639
322 3 0 120 422 651
323 3 0 312 633 587
324 3 0 315 507 491
325 3 0 423 794 671
326 3 0 62 424 648
327 3 0 375 428 683
328 3 0 341 602 429
329 3 0 26 27 435
330 3 0 243 505 557
331 3 0 365 765 666
332 3 0 75 76 438
333 3 0 103 104 439
334 3 0 244 555 508
335 3 0 309 533 619
336 3 0 363 619 533
337 3 0 242 431 491
338 3 0 367 433 770
339 3 0 311 626 458
340 3 0 803 101 693
341 3 0 237 525 414
342 3 0 235 437 516
343 3 0 322 574 401
344 3 0 323 402 575
345 3 0 100 101 803
346 3 0 56 57 564
347 3 0 60 61 446
348 3 0 65 66 445
349 3 0 360 625 670
350 3 0 72 794 423
351 3 0 292 423 671
352 3 0 118 119 448
353 3 0 123 124 447
354 3 0 314 752 397
355 3 0 282 491 431
356 3 0 274 635 421
357 3 0 278 420 637
358 3 0 279 421 636
359 3 0 69 70 562
360 3 0 314 397 718
361 3 0 254 628 734
362 3 0 303 608 398
363 3 0 310 628 457
364 3 0 249 582 639
365 3 0 248 655 399
366 3 0 231 497 471
367 3 0 339 471 497
368 3 0 246 536 700
369 3 0 242 672 502
370 3 0 385 596 618
371 3 0 264 618 596
372 3 0 269 583 400
373 3 0 281 640 425
374 3 0 338 407 695
375 3 0 359 629 672
376 3 0 360 624 625
377 3 0 285 462 734
378 3 0 387 754 753
379 3 0 241 670 504
380 3 0 87 88 459
381 3 0 359 616 629
382 3 0 246 589 400
383 3 0 309 399 799
384 3 0 309 697 399
385 3 0 308 594 572
386 3 0 406 742 533
387 3 0 794 381 671
388 3 0 363 533 742
389 3 0 320 404 759
390 3 0 418 485 650
391 3 0 357 730 515
392 3 0 63 64 481
393 3 0 253 719 486
394 3 0 248 539 574
395 3 0 247 575 540
396 3 0 277 419 510
397 3 0 121 122 483
398 3 0 390 515 730
399 3 0 246 700 615
400 3 0 322 401 612
401 3 0 323 611 402
402 3 0 286 505 490
403 3 0 319 504 489
404 3 0 320 490 505
405 3 0 287 489 504
406 3 0 258 521 452
407 3 0 377 778 541
408 3 0 273 497 666
409 3 0 269 400 708
410 3 0 347 409 717
411 3 0 312 403 743
412 3 0 227 570 465
413 3 0 313 825 462
414 3 0 294 630 552
415 3 0 242 617 672
416 3 0 356 518 729
417 3 0 355 517 728
418 3 0 320 721 404
419 3 0 316 750 405
420 3 0 46 411 622
421 3 0 391 729 518
422 3 0 392 728 517
423 3 0 289 617 507
424 3 0 239 451 478
425 3 0 486 733 713
426 3 0 316 502 495
427 3 0 288 495 502
428 3 0 22 813 472
429 3 0 830 380 621
430 3 0 332 651 422
431 3 0 416 830 621
432 3 0 241 613 670
433 3 0 280 425 516
434 3 0 99 803 464
435 3 0 314 465 470
436 3 0 330 648 424
437 3 0 317 555 454
438 3 0 244 454 555
439 3 0 36 413 757
440 3 0 257 778 761
441 3 0 255 772 758
442 3 0 291 613 506
443 3 0 348 733 486
444 3 0 393 751 763
445 3 0 324 440 486
446 3 0 283 470 465
447 3 0 295 821 473
448 3 0 22 23 813
449 3 0 289 507 500
450 3 0 315 500 507
451 3 0 314 508 501
452 3 0 290 501 508
453 3 0 230 638 406
454 3 0 327 408 663
455 3 0 373 772 531
456 3 0 267 738 426
457 3 0 275 450 567
458 3 0 279 455 715
459 3 0 321 461 589
460 3 0 70 796 562
461 3 0 257 495 778
462 3 0 255 489 772
463 3 0 286 490 771
464 3 0 370 563 664
465 3 0 337 591 561
466 3 0 99 100 803
467 3 0 97 415 756
468 3 0 296 474 820
469 3 0 295 564 821
470 3 0 302 415 710
471 3 0 310 457 792
472 3 0 311 458 793
473 3 0 266 662 418
474 3 0 335 418 662
475 3 0 87 459 607
476 3 0 245 442 572
477 3 0 308 572 442
478 3 0 289 500 773
479 3 0 290 774 501
480 3 0 245 547 620
481 3 0 262 782 503
482 3 0 416 621 740
483 3 0 301 413 645
484 3 0 391 605 729
485 3 0 382 768 558
486 3 0 291 506 503
487 3 0 312 503 506
488 3 0 282 466 491
489 3 0 375 683 774
490 3 0 237 449 525
491 3 0 103 439 565
492 3 0 75 438 566
493 3 0 296 820 562
494 3 0 336 594 528
495 3 0 262 822 782
496 3 0 378 542 782
497 3 0 307 493 549
498 3 0 343 430 736
499 3 0 307 614 493
500 3 0 353 836 576
501 3 0 292 735 423
502 3 0 458 626 689
503 3 0 364 699 764
504 3 0 278 569 623
505 3 0 412 578 788
506 3 0 281 627 576
507 3 0 392 606 728
508 3 0 72 73 794
509 3 0 302 475 499
510 3 0 235 499 475
511 3 0 251 664 563
512 3 0 289 811 617
513 3 0 437 475 731
514 3 0 284 551 453
515 3 0 505 754 557
516 3 0 268 422 837
517 3 0 244 410 692
518 3 0 381 566 727
519 3 0 336 556 547
520 3 0 293 547 556
521 3 0 240 546 709
522 3 0 403 576 836
523 3 0 508 555 763
524 3 0 329 692 410
525 3 0 292 514 615
526 3 0 321 723 409
527 3 0 458 560 793
528 3 0 457 559 792
529 3 0 37 38 815
530 3 0 547 707 620
531 3 0 37 815 529
532 3 0 235 640 499
533 3 0 352 499 640
534 3 0 457 628 688
535 3 0 321 409 732
536 3 0 300 565 439
537 3 0 299 566 438
538 3 0 40 677 417
539 3 0 236 627 444
540 3 0 26 435 577
541 3 0 455 634 715
542 3 0 408 787 663
543 3 0 238 450 623
544 3 0 280 515 444
545 3 0 315 491 466
546 3 0 46 739 411
547 3 0 283 657 410
548 3 0 356 660 528
549 3 0 539 801 574
550 3 0 540 575 802
551 3 0 291 814 613
552 3 0 362 704 748
553 3 0 276 451 517
554 3 0 274 449 518
555 3 0 352 786 484
556 3 0 354 623 569
557 3 0 303 577 435
558 3 0 292 671 513
559 3 0 265 663 787
560 3 0 350 835 455
561 3 0 268 580 697
562 3 0 399 697 580
563 3 0 48 426 676
564 3 0 326 411 722
565 3 0 351 482 784
566 3 0 325 452 521
567 3 0 260 729 605
568 3 0 369 707 665
569 3 0 326 622 411
570 3 0 275 567 494
571 3 0 325 494 567
572 3 0 353 576 627
573 3 0 306 683 428
574 3 0 390 730 608
575 3 0 50 51 818
576 3 0 295 537 620
577 3 0 283 465 570
578 3 0 306 428 712
579 3 0 389 455 835
580 3 0 51 532 818
581 3 0 394 720 599
582 3 0 283 570 469
583 3 0 292 513 514
584 3 0 321 514 513
585 3 0 356 729 660
586 3 0 399 580 827
587 3 0 326 412 726
588 3 0 327 607 459
589 3 0 344 411 739
590 3 0 417 677 736
591 3 0 371 552 762
592 3 0 259 728 606
593 3 0 372 767 530
594 3 0 345 740 621
595 3 0 266 736 430
596 3 0 354 569 725
597 3 0 397 725 569
598 3 0 304 656 432
599 3 0 330 424 667
600 3 0 269 667 424
601 3 0 378 775 542
602 3 0 371 833 552
603 3 0 377 541 812
604 3 0 332 422 669
605 3 0 268 669 422
606 3 0 23 24 701
607 3 0 305 600 427
608 3 0 400 583 824
609 3 0 301 599 413
610 3 0 338 695 414
611 3 0 267 414 695
612 3 0 355 548 805
613 3 0 89 427 600
614 3 0 228 602 609
615 3 0 375 535 777
616 3 0 374 776 534
617 3 0 302 601 415
618 3 0 260 816 556
619 3 0 302 499 601
620 3 0 493 614 687
621 3 0 548 646 805
622 3 0 282 456 544
623 3 0 471 740 755
624 3 0 396 663 642
625 3 0 256 626 771
626 3 0 284 726 412
627 3 0 79 80 498
628 3 0 341 429 711
629 3 0 249 711 429
630 3 0 299 727 566
631 3 0 279 636 791
632 3 0 270 416 740
633 3 0 35 36 757
634 3 0 76 598 438
635 3 0 310 438 598
636 3 0 376 788 578
637 3 0 255 599 720
638 3 0 13 14 523
639 3 0 110 111 524
640 3 0 395 719 604
641 3 0 264 596 675
642 3 0 319 489 526
643 3 0 255 526 489
644 3 0 258 608 730
645 3 0 307 435 595
646 3 0 27 595 435
647 3 0 422 483 837
648 3 0 373 531 817
649 3 0 361 654 709
650 3 0 265 642 663
651 3 0 104 603 439
652 3 0 311 439 603
653 3 0 278 637 784
654 3 0 288 541 778
655 3 0 96 97 756
656 3 0 72 423 735
657 3 0 23 701 813
658 3 0 281 786 640
659 3 0 281 576 484
660 3 0 36 645 413
661 3 0 278 482 569
662 3 0 112 113 553
663 3 0 11 12 554
664 3 0 97 710 415
665 3 0 305 427 606
666 3 0 274 779 635
667 3 0 287 531 772
668 3 0 232 559 457
669 3 0 233 560 458
670 3 0 267 653 414
671 3 0 354 522 679
672 3 0 227 721 570
673 3 0 284 460 563
674 3 0 39 417 644
675 3 0 270 740 471
676 3 0 374 826 427
677 3 0 28 436 595
678 3 0 77 433 598
679 3 0 310 598 433
680 3 0 233 637 420
681 3 0 232 421 635
682 3 0 232 636 421
683 3 0 271 437 731
684 3 0 85 86 561
685 3 0 407 550 694
686 3 0 259 500 548
687 3 0 315 548 500
688 3 0 266 418 650
689 3 0 461 810 589
690 3 0 49 632 426
691 3 0 348 486 719
692 3 0 59 706 473
693 3 0 67 474 705
694 3 0 392 790 606
695 3 0 235 425 640
696 3 0 391 800 605
697 3 0 340 568 587
698 3 0 229 587 568
699 3 0 242 659 431
700 3 0 117 703 476
701 3 0 125 477 702
702 3 0 253 604 719
703 3 0 258 730 521
704 3 0 337 639 591
705 3 0 371 591 639
706 3 0 291 782 542
707 3 0 343 736 677
708 3 0 10 11 612
709 3 0 113 114 611
710 3 0 236 549 493
711 3 0 304 432 605
712 3 0 250 722 682
713 3 0 331 649 445
714 3 0 65 445 649
715 3 0 61 648 446
716 3 0 330 446 648
717 3 0 333 652 447
718 3 0 123 447 652
719 3 0 119 651 448
720 3 0 332 448 651
721 3 0 223 466 571
722 3 0 320 469 570
723 3 0 295 706 446
724 3 0 296 445 705
725 3 0 107 108 530
726 3 0 33 34 531
727 3 0 267 426 749
728 3 0 307 595 436
729 3 0 91 92 534
730 3 0 16 17 535
731 3 0 297 703 448
732 3 0 298 447 702
733 3 0 94 95 541
734 3 0 249 429 643
735 3 0 394 599 780
736 3 0 19 712 428
737 3 0 292 573 735
738 3 0 309 543 533
739 3 0 230 533 543
740 3 0 367 770 498
741 3 0 30 31 542
742 3 0 41 42 588
743 3 0 14 15 586
744 3 0 302 710 581
745 3 0 301 645 529
746 3 0 362 748 464
747 3 0 271 464 748
748 3 0 109 110 585
749 3 0 297 593 476
750 3 0 298 477 592
751 3 0 84 85 591
752 3 0 236 838 549
753 3 0 310 433 628
754 3 0 342 519 653
755 3 0 266 430 662
756 3 0 236 819 627
757 3 0 45 46 622
758 3 0 305 459 600
759 3 0 105 441 603
760 3 0 307 436 614
761 3 0 59 60 706
762 3 0 66 67 705
763 3 0 252 727 496
764 3 0 117 118 703
765 3 0 124 125 702
766 3 0 82 83 552
767 3 0 234 780 485
768 3 0 311 603 441
769 3 0 249 639 711
770 3 0 60 446 706
771 3 0 66 705 445
772 3 0 225 594 461
773 3 0 308 461 594
774 3 0 382 816 432
775 3 0 282 431 724
776 3 0 247 443 619
777 3 0 309 619 443
778 3 0 245 572 547
779 3 0 336 547 572
780 3 0 118 448 703
781 3 0 124 702 447
782 3 0 371 639 833
783 3 0 54 55 558
784 3 0 295 473 706
785 3 0 296 705 474
786 3 0 52 432 656
787 3 0 407 738 695
788 3 0 363 674 619
789 3 0 306 522 683
790 3 0 272 785 434
791 3 0 299 438 792
792 3 0 300 439 793
793 3 0 378 822 436
794 3 0 297 476 703
795 3 0 298 702 477
796 3 0 102 103 565
797 3 0 74 75 566
798 3 0 241 456 633
799 3 0 49 50 632
800 3 0 306 509 679
801 3 0 361 582 643
802 3 0 249 643 582
803 3 0 304 532 656
804 3 0 322 463 746
805 3 0 38 39 644
806 3 0 319 571 544
807 3 0 237 519 800
808 3 0 272 472 764
809 3 0 364 764 472
810 3 0 110 524 585
811 3 0 311 441 626
812 3 0 239 511 790
813 3 0 272 434 691
814 3 0 14 586 523
815 3 0 88 600 459
816 3 0 271 769 437
817 3 0 310 792 438
818 3 0 311 793 439
819 3 0 306 679 522
820 3 0 324 437 769
821 3 0 269 708 442
822 3 0 223 571 685
823 3 0 320 759 490
824 3 0 92 93 616
825 3 0 309 443 697
826 3 0 31 32 624
827 3 0 32 33 625
828 3 0 301 780 599
829 3 0 324 769 440
830 3 0 277 737 478
831 3 0 358 478 737
832 3 0 322 618 463
833 3 0 264 463 618
834 3 0 79 498 770
835 3 0 80 81 631
836 3 0 93 94 629
837 3 0 346 650 485
838 3 0 368 700 562
839 3 0 296 562 700
840 3 0 25 26 577
841 3 0 385 618 554
842 3 0 322 554 618
843 3 0 81 82 630
844 3 0 317 596 523
845 3 0 385 523 596
846 3 0 318 524 597
847 3 0 386 597 524
848 3 0 368 562 796
849 3 0 305 606 790
850 3 0 321 589 514
851 3 0 246 514 589
852 3 0 316 495 750
853 3 0 265 647 527
854 3 0 341 527 647
855 3 0 306 712 584
856 3 0 267 695 738
857 3 0 357 521 730
858 3 0 243 610 469
859 3 0 318 585 524
860 3 0 304 605 800
861 3 0 350 455 791
862 3 0 339 673 654
863 3 0 42 760 588
864 3 0 250 716 578
865 3 0 55 56 665
866 3 0 499 686 601
867 3 0 345 745 460
868 3 0 269 442 667
869 3 0 331 481 649
870 3 0 64 649 481
871 3 0 226 634 455
872 3 0 315 466 646
873 3 0 416 602 830
874 3 0 228 830 602
875 3 0 317 523 586
876 3 0 268 443 669
877 3 0 122 652 483
878 3 0 333 483 652
879 3 0 379 691 509
880 3 0 390 608 838
881 3 0 314 501 752
882 3 0 88 89 600
883 3 0 27 28 595
884 3 0 345 755 740
885 3 0 113 611 553
886 3 0 11 554 612
887 3 0 272 452 785
888 3 0 339 654 590
889 3 0 361 590 654
890 3 0 232 690 559
891 3 0 247 619 674
892 3 0 376 578 716
893 3 0 314 718 465
894 3 0 108 109 753
895 3 0 15 16 751
896 3 0 358 737 609
897 3 0 241 633 506
898 3 0 273 673 497
899 3 0 339 497 673
900 3 0 245 696 442
901 3 0 231 755 460
902 3 0 345 460 755
903 3 0 247 698 443
904 3 0 321 732 461
905 3 0 107 530 767
906 3 0 308 442 708
907 3 0 268 697 443
908 3 0 91 534 776
909 3 0 17 777 535
910 3 0 263 680 579
911 3 0 313 479 714
912 3 0 284 453 726
913 3 0 243 557 678
914 3 0 46 47 739
915 3 0 252 496 717
916 3 0 347 717 496
917 3 0 30 542 775
918 3 0 223 685 545
919 3 0 349 545 685
920 3 0 348 467 781
921 3 0 242 502 659
922 3 0 349 468 804
923 3 0 329 675 454
924 3 0 325 785 452
925 3 0 312 743 503
926 3 0 318 807 678
927 3 0 323 575 674
928 3 0 223 646 466
929 3 0 272 764 452
930 3 0 318 597 807
931 3 0 83 762 552
932 3 0 22 472 641
933 3 0 104 105 603
934 3 0 225 528 594
935 3 0 329 454 692
936 3 0 289 534 811
937 3 0 76 77 598
938 3 0 323 674 579
939 3 0 244 692 454
940 3 0 365 694 550
941 3 0 99 464 658
942 3 0 333 837 483
943 3 0 309 799 543
944 3 0 241 506 613
945 3 0 54 558 768
946 3 0 326 726 453
947 3 0 242 507 617
948 3 0 350 457 688
949 3 0 351 458 689
950 3 0 279 791 455
951 3 0 246 615 514
952 3 0 322 746 574
953 3 0 265 527 642
954 3 0 337 642 527
955 3 0 291 542 814
956 3 0 316 568 797
957 3 0 3 87 607
958 3 0 294 552 833
959 3 0 282 724 456
960 3 0 340 456 724
961 3 0 80 631 498
962 3 0 401 801 592
963 3 0 298 592 801
964 3 0 297 802 593
965 3 0 402 593 802
966 3 0 308 810 461
967 3 0 321 513 723
968 3 0 275 781 467
969 3 0 354 725 522
970 3 0 261 522 725
971 3 0 406 823 766
972 3 0 324 486 713
973 3 0 322 612 554
974 3 0 323 553 611
975 3 0 226 550 634
976 3 0 338 634 550
977 3 0 71 72 735
978 3 0 325 684 494
979 3 0 225 461 732
980 3 0 312 506 633
981 3 0 324 713 492
982 3 0 273 480 673
983 3 0 328 610 808
984 3 0 92 616 534
985 3 0 290 508 763
986 3 0 245 620 537
987 3 0 366 546 661
988 3 0 362 464 803
989 3 0 286 754 505
990 3 0 266 744 736
991 3 0 33 531 625
992 3 0 415 761 756
993 3 0 227 465 718
994 3 0 328 808 823
995 3 0 31 624 542
996 3 0 271 809 464
997 3 0 413 758 757
998 3 0 349 526 720
999 3 0 255 720 526
1000 3 0 407 694 682
1001 3 0 250 682 694
1002 3 0 261 774 683
1003 3 0 276 804 468
1004 3 0 21 22 641
1005 3 0 285 661 488
1006 3 0 94 541 629
1007 3 0 474 829 820
1008 3 0 829 68 820
1009 3 0 59 473 828
1010 3 0 67 829 474
1011 3 0 315 646 548
1012 3 0 396 642 561
1013 3 0 19 20 712
1014 3 0 70 71 796
1015 3 0 364 472 813
1016 3 0 231 471 755
1017 3 0 36 37 645
1018 3 0 325 521 684
1019 3 0 326 722 578
1020 3 0 243 678 808
1021 3 0 98 99 658
1022 3 0 335 668 520
1023 3 0 228 520 668
1024 3 0 117 476 831
1025 3 0 116 831 476
1026 3 0 8 477 832
1027 3 0 125 832 477
1028 3 0 230 538 638
1029 3 0 370 588 760
1030 3 0 58 828 821
1031 3 0 272 783 472
1032 3 0 37 529 645
1033 3 0 316 659 502
1034 3 0 473 821 828
1035 3 0 383 731 475
1036 3 0 226 714 479
1037 3 0 288 502 672
1038 3 0 417 736 744
1039 3 0 274 798 487
1040 3 0 287 504 670
1041 3 0 224 713 733
1042 3 0 51 52 656
1043 3 0 71 735 573
1044 3 0 328 638 538
1045 3 0 4 710 97
1046 3 0 534 616 811
1047 3 0 226 479 765
1048 3 0 275 494 781
1049 3 0 82 552 630
1050 3 0 460 745 563
1051 3 0 51 656 532
1052 3 0 225 741 528
1053 3 0 356 528 741
1054 3 0 299 792 559
1055 3 0 300 793 560
1056 3 0 278 784 482
1057 3 0 38 644 815
1058 3 0 303 838 608
1059 3 0 259 548 728
1060 3 0 355 728 548
1061 3 0 329 512 675
1062 3 0 358 609 647
1063 3 0 341 647 609
1064 3 0 224 494 684
1065 3 0 316 797 659
1066 3 0 61 62 648
1067 3 0 64 65 649
1068 3 0 334 512 681
1069 3 0 373 758 772
1070 3 0 347 496 690
1071 3 0 353 493 687
1072 3 0 122 123 652
1073 3 0 119 120 651
1074 3 0 377 756 761
1075 3 0 298 801 539
1076 3 0 297 540 802
1077 3 0 343 588 664
1078 3 0 370 664 588
1079 3 0 377 761 778
1080 3 0 252 513 671
1081 3 0 281 484 786
1082 3 0 352 686 499
1083 3 0 373 757 758
1084 3 0 363 579 674
1085 3 0 264 675 512
1086 3 0 226 765 550
1087 3 0 365 550 765
1088 3 0 280 492 795
1089 3 0 542 624 814
1090 3 0 95 812 541
1091 3 0 238 679 509
1092 3 0 340 724 797
1093 3 0 379 783 691
1094 3 0 34 817 531
1095 3 0 320 570 721
1096 3 0 361 643 590
1097 3 0 346 485 834
1098 3 0 50 818 632
1099 3 0 336 528 660
1100 3 0 296 700 536
1101 3 0 71 573 796
1102 3 0 225 487 741
1103 3 0 224 492 713
1104 3 0 42 43 760
1105 3 0 337 561 642
1106 3 0 431 797 724
1107 3 0 330 696 537
1108 3 0 274 487 779
1109 3 0 357 515 795
1110 3 0 299 496 727
1111 3 0 47 48 676
1112 3 0 40 41 677
1113 3 0 224 733 494
1114 3 0 230 789 538
1115 3 0 400 589 810
1116 3 0 261 683 522
1117 3 0 331 536 824
1118 3 0 256 490 759
1119 3 0 224 747 492
1120 3 0 256 771 490
1121 3 0 287 772 489
1122 3 0 333 539 827
1123 3 0 334 681 543
1124 3 0 332 698 540
1125 3 0 257 750 495
1126 3 0 349 685 526
1127 3 0 236 493 819
1128 3 0 333 580 837
1129 3 0 329 789 512
1130 3 0 353 819 493
1131 3 0 288 778 495
1132 3 0 261 752 501
1133 3 0 20 584 712
1134 3 0 336 660 556
1135 3 0 260 556 660
1136 3 0 356 798 518
1137 3 0 280 795 515
1138 3 0 259 773 500
1139 3 0 261 501 774
1140 3 0 262 503 743
1141 3 0 43 551 760
1142 3 0 334 543 799
1143 3 0 252 723 513
1144 3 0 224 684 747
1145 3 0 323 680 553
1146 3 0 386 553 680
1147 3 0 274 518 798
1148 3 0 55 665 558
1149 3 0 230 543 681
1150 3 0 291 503 782
1151 3 0 41 588 677
1152 3 0 343 677 588
1153 3 0 247 540 698
1154 3 0 355 806 517
1155 3 0 260 660 729
1156 3 0 4 581 710
1157 3 0 68 69 820
1158 3 0 254 734 825
1159 3 0 462 825 734
1160 3 0 256 689 626
1161 3 0 305 790 511
1162 3 0 57 58 821
1163 3 0 245 537 696
1164 3 0 279 715 525
1165 3 0 34 35 817
1166 3 0 363 742 579
1167 3 0 263 579 742
1168 3 0 293 707 547
1169 3 0 318 678 557
1170 3 0 95 96 812
1171 3 0 277 520 737
1172 3 0 276 517 806
1173 3 0 328 657 610
1174 3 0 341 711 527
1175 3 0 254 688 628
1176 3 0 436 822 614
1177 3 0 440 769 748
1178 3 0 271 748 769
1179 3 0 384 766 823
1180 3 0 304 800 519
1181 3 0 406 638 823
1182 3 0 432 816 605
1183 3 0 248 746 655
1184 3 0 247 674 575
1185 3 0 294 709 546
1186 3 0 364 701 699
1187 3 0 398 699 701
1188 3 0 1 828 58
1189 3 0 2 829 67
1190 3 0 1 59 828
1191 3 0 2 68 829
1192 3 0 83 84 762
1193 3 0 5 831 116
1194 3 0 0 832 125
1195 3 0 5 117 831
1196 3 0 0 8 832
1197 3 0 106 107 767
1198 3 0 53 54 768
1199 3 0 78 79 770
1200 3 0 29 30 775
1201 3 0 90 91 776
1202 3 0 17 18 777
1203 3 0 371 762 591
1204 3 0 84 591 762
1205 3 0 388 604 704
1206 3 0 253 704 604
1207 3 0 301 834 780
1208 3 0 485 780 834
1209 3 0 108 753 530
1210 3 0 333 827 580
1211 3 0 16 535 751
1212 3 0 342 818 532
1213 3 0 331 824 583
1214 3 0 388 704 693
1215 3 0 362 693 704
1216 3 0 346 529 815
1217 3 0 346 834 529
1218 3 0 329 538 789
1219 3 0 323 579 680
1220 3 0 301 529 834
1221 3 0 251 563 745
1222 3 0 246 824 536
1223 3 0 248 827 539
1224 3 0 361 709 582
1225 3 0 294 582 709
1226 3 0 276 545 804
1227 3 0 349 804 545
1228 3 0 223 545 805
1229 3 0 276 806 545
1230 3 0 370 760 551
1231 3 0 262 687 614
1232 3 0 413 599 758
1233 3 0 387 557 754
1234 3 0 407 682 738
1235 3 0 415 601 761
1236 3 0 340 797 568
1237 3 0 393 763 555
1238 3 0 303 549 838
1239 3 0 360 670 613
1240 3 0 257 601 686
1241 3 0 359 672 617
1242 3 0 258 699 608
1243 3 0 398 608 699
1244 3 0 359 617 811
1245 3 0 360 613 814
1246 3 0 248 574 746
1247 3 0 250 578 722
1248 3 0 69 562 820
1249 3 0 344 739 676
1250 3 0 378 782 822
1251 3 0 57 821 564
1252 3 0 384 808 678
1253 3 0 368 796 573
1254 3 0 254 825 835
1255 3 0 259 606 826
1256 3 0 401 574 801
1257 3 0 402 802 575
1258 3 0 330 667 696
1259 3 0 365 666 716
1260 3 0 376 716 666
1261 3 0 272 691 783
1262 3 0 334 799 655
1263 3 0 347 690 635
1264 3 0 368 615 700
1265 3 0 230 681 789
1266 3 0 254 835 688
1267 3 0 232 635 690
1268 3 0 369 620 707
1269 3 0 332 669 698
1270 3 0 263 807 597
1271 3 0 362 803 693
1272 3 0 266 650 744
1273 3 0 251 745 621
1274 3 0 267 749 653
1275 3 0 268 837 580
1276 3 0 338 715 634
1277 3 0 294 833 582
1278 3 0 255 758 599
1279 3 0 257 761 601
1280 3 0 347 635 779
1281 3 0 342 749 632
1282 3 0 427 826 606
1283 3 0 442 696 667
1284 3 0 345 621 745
1285 3 0 443 698 669
1286 3 0 351 784 637
1287 3 0 494 733 781
1288 3 0 223 805 646
1289 3 0 352 640 786
1290 3 0 364 813 701
1291 3 0 487 798 741
1292 3 0 265 787 647
1293 3 0 342 653 749
1294 3 0 353 687 836
1295 3 0 426 632 749
1296 3 0 350 791 636
1297 3 0 308 708 810
1298 3 0 400 810 708
1299 3 0 260 605 816
1300 3 0 342 632 818
1301 3 0 250 694 716
1302 3 0 472 783 641
1303 3 0 512 789 681
1304 3 0 384 678 807
1305 3 0 346 644 744
1306 3 0 243 808 610
1307 3 0 417 744 644
1308 3 0 359 811 616
1309 3 0 346 744 650
1310 3 0 492 747 795
1311 3 0 355 805 806
1312 3 0 545 806 805
1313 3 0 360 814 624
1314 3 0 262 614 822
1315 3 0 353 627 819
1316 3 0 365 716 694
1317 3 0 47 676 739
1318 3 0 379 641 783
1319 3 0 346 815 644
1320 3 0 259 826 773
1321 3 0 344 738 682
1322 3 0 384 823 808
1323 3 0 358 647 787
1324 3 0 252 717 723
1325 3 0 409 723 717
1326 3 0 397 752 725
1327 3 0 261 725 752
1328 3 0 35 757 817
1329 3 0 96 756 812
1330 3 0 328 823 638
1331 3 0 399 655 799
1332 3 0 431 659 797
1333 3 0 383 658 809
1334 3 0 464 809 658
1335 3 0 263 766 807
1336 3 0 380 830 668
1337 3 0 228 668 830
1338 3 0 389 835 825
1339 3 0 262 836 687
1340 3 0 271 731 809
1341 3 0 406 766 742
1342 3 0 263 742 766
1343 3 0 348 781 733
1344 3 0 350 688 835
1345 3 0 383 809 731
1346 3 0 356 741 798
1347 3 0 357 795 747
1348 3 0 262 743 836
1349 3 0 377 812 756
1350 3 0 384 807 766
1351 3 0 373 817 757
1352 3 0 403 836 743
1353 3 0 374 773 826
1354 3 1 1237 935 1360
1355 3 1 1423 1097 911
1356 3 1 1619 843 1207
1357 3 1 1145 1423 911
1358 3 1 1089 927 1626
1359 3 1 935 1527 1360
1360 3 1 1366 1016 917
1361 3 1 1016 1240 917
1362 3 1 1626 927 1078
1363 3 1 863 1211 1029
1364 3 1 1115 1380 1206
1365 3 1 877 1030 1223
1366 3 1 1459 952 1012
1367 3 1 863 1029 1160
1368 3 1 897 1269 1075
1369 3 1 932 1115 1206
1370 3 1 919 1225 1212
1371 3 1 880 1015 1529
1372 3 1 990 1145 1305
1373 3 1 1012 952 1355
1374 3 1 842 1134 1225
1375 3 1 879 1440 1350
1376 3 1 1013 1212 1225
1377 3 1 1134 1498 1225
1378 3 1 938 1266 1036
1379 3 1 912 1040 1352
1380 3 1 983 1113 1493
1381 3 1 1108 1354 1477
1382 3 1 906 1150 1569
1383 3 1 913 1245 1315
1384 3 1 911 1305 1145
1385 3 1 1069 1569 1150
1386 3 1 1056 1200 1308
1387 3 1 954 1325 1043
1388 3 1 914 1135 1200
1389 3 1 1104 1619 1207
1390 3 1 916 1041 1183
1391 3 1 948 1446 1202
1392 3 1 948 1093 1216
1393 3 1 1537 1112 1275
1394 3 1 897 1100 1071
1395 3 1 979 1230 1290
1396 3 1 933 1022 1457
1397 3 1 912 1352 1042
1398 3 1 984 1087 1220
1399 3 1 914 1200 1056
1400 3 1 937 1205 1037
1401 3 1 165 166 1090
1402 3 1 885 1535 1023
1403 3 1 1001 1415 1364
1404 3 1 897 1096 1269
1405 3 1 921 1186 1051
1406 3 1 950 1350 1109
1407 3 1 884 1024 1597
1408 3 1 956 1045 1351
1409 3 1 1039 1239 1434
1410 3 1 870 1354 1108
1411 3 1 1120 212 1382
1412 3 1 1258 1350 950
1413 3 1 880 1243 1015
1414 3 1 1110 1353 1442
1415 3 1 193 1301 1060
1416 3 1 1493 1113 1140
1417 3 1 877 1216 1030
1418 3 1 921 1061 1127
1419 3 1 846 1033 1149
1420 3 1 155 156 1083
1421 3 1 920 1434 1239
1422 3 1 1011 1318 1087
1423 3 1 886 1116 1206
1424 3 1 852 1042 1326
1425 3 1 1031 1437 1361
1426 3 1 933 1228 1022
1427 3 1 859 1129 1089
1428 3 1 840 1347 1040
1429 3 1 1001 1258 1303
1430 3 1 845 1045 1336
1431 3 1 1044 1345 1406
1432 3 1 1085 1306 1320
1433 3 1 1382 212 213
1434 3 1 892 1523 1038
1435 3 1 1043 1501 1163
1436 3 1 173 1181 1508
1437 3 1 969 1200 1135
1438 3 1 87 126 1094
1439 3 1 879 1125 1440
1440 3 1 974 1353 1110
1441 3 1 145 146 1080
1442 3 1 995 1202 1446
1443 3 1 853 1406 1345
1444 3 1 1002 1112 1537
1445 3 1 956 1336 1045
1446 3 1 173 174 1181
1447 3 1 894 1314 1050
1448 3 1 900 1570 1074
1449 3 1 911 1383 1090
1450 3 1 912 1042 1341
1451 3 1 912 1203 1040
1452 3 1 852 1341 1042
1453 3 1 135 1171 1507
1454 3 1 170 1137 1267
1455 3 1 885 1023 1371
1456 3 1 961 1361 1437
1457 3 1 855 1127 1061
1458 3 1 911 1097 1383
1459 3 1 87 1094 88
1460 3 1 921 1059 1186
1461 3 1 955 1104 1207
1462 3 1 1074 1570 1166
1463 3 1 907 1080 1141
1464 3 1 935 1237 1062
1465 3 1 989 1550 1072
1466 3 1 902 1163 1501
1467 3 1 959 1206 1116
1468 3 1 1018 1541 1107
1469 3 1 950 1064 1303
1470 3 1 170 171 1137
1471 3 1 1151 1398 1316
1472 3 1 146 1141 1080
1473 3 1 1089 1626 1168
1474 3 1 847 1087 1318
1475 3 1 847 1063 1220
1476 3 1 952 1153 1156
1477 3 1 1107 1541 1522
1478 3 1 847 1205 1063
1479 3 1 947 1086 1123
1480 3 1 869 1031 1184
1481 3 1 1626 908 1168
1482 3 1 840 1040 1203
1483 3 1 918 1077 1619
1484 3 1 897 1071 1197
1485 3 1 1624 845 1032
1486 3 1 967 1040 1347
1487 3 1 892 1193 1057
1488 3 1 1069 1150 1285
1489 3 1 950 1303 1258
1490 3 1 962 1326 1042
1491 3 1 884 1272 1024
1492 3 1 1539 895 1147
1493 3 1 1093 1494 1216
1494 3 1 1111 1351 1621
1495 3 1 916 1164 1041
1496 3 1 1006 1350 1440
1497 3 1 1062 1518 1221
1498 3 1 1497 891 1303
1499 3 1 992 1315 1245
1500 3 1 927 1089 1129
1501 3 1 846 1274 1033
1502 3 1 925 1098 1238
1503 3 1 1084 1539 1147
1504 3 1 1036 1266 1484
1505 3 1 1178 1348 1376
1506 3 1 894 1055 1201
1507 3 1 882 1081 1199
1508 3 1 972 1125 1289
1509 3 1 1064 1497 1303
1510 3 1 845 1310 1045
1511 3 1 1028 1173 1482
1512 3 1 946 1290 1230
1513 3 1 1518 898 1221
1514 3 1 950 1109 1530
1515 3 1 1271 863 1392
1516 3 1 937 1037 1253
1517 3 1 976 1251 1150
1518 3 1 1526 915 1121
1519 3 1 918 1619 1104
1520 3 1 954 1043 1302
1521 3 1 892 1057 1460
1522 3 1 1001 1174 1415
1523 3 1 845 1336 1032
1524 3 1 1621 1351 1045
1525 3 1 971 1151 1316
1526 3 1 907 1241 1080
1527 3 1 892 1038 1373
1528 3 1 894 1224 1055
1529 3 1 154 1473 1053
1530 3 1 939 1081 1298
1531 3 1 890 1164 1061
1532 3 1 166 1287 1090
1533 3 1 1052 1114 1590
1534 3 1 894 1050 1485
1535 3 1 901 1105 1498
1536 3 1 219 1268 1058
1537 3 1 924 1281 1053
1538 3 1 1054 1507 1171
1539 3 1 1623 1213 1084
1540 3 1 1003 1265 1304
1541 3 1 878 1210 1056
1542 3 1 926 1156 1153
1543 3 1 989 1379 1550
1544 3 1 892 1460 1076
1545 3 1 939 1199 1081
1546 3 1 1166 1390 1594
1547 3 1 878 1056 1278
1548 3 1 913 1274 1066
1549 3 1 987 1170 1264
1550 3 1 859 1123 1086
1551 3 1 855 1061 1255
1552 3 1 154 1053 1281
1553 3 1 910 1184 1361
1554 3 1 937 1063 1205
1555 3 1 942 1433 1058
1556 3 1 984 1220 1491
1557 3 1 1392 863 1160
1558 3 1 904 1309 1101
1559 3 1 879 1289 1125
1560 3 1 869 1430 1031
1561 3 1 857 1311 1085
1562 3 1 88 1094 1232
1563 3 1 936 1197 1071
1564 3 1 914 1056 1210
1565 3 1 847 1220 1087
1566 3 1 884 1597 1208
1567 3 1 918 1348 1178
1568 3 1 1124 1472 1539
1569 3 1 942 1538 1046
1570 3 1 915 1231 1093
1571 3 1 970 1226 1105
1572 3 1 950 1530 1273
1573 3 1 961 1488 1248
1574 3 1 1191 915 1526
1575 3 1 1008 1124 1539
1576 3 1 841 1481 1408
1577 3 1 913 1315 1092
1578 3 1 910 1063 1184
1579 3 1 850 1088 1189
1580 3 1 943 1241 1260
1581 3 1 857 1085 1320
1582 3 1 845 1308 1200
1583 3 1 935 1062 1221
1584 3 1 944 1278 1056
1585 3 1 1019 1260 1241
1586 3 1 1013 1498 1105
1587 3 1 938 1036 1256
1588 3 1 135 136 1171
1589 3 1 868 1150 1251
1590 3 1 156 1344 1083
1591 3 1 924 1053 1297
1592 3 1 1031 1361 1184
1593 3 1 929 1189 1088
1594 3 1 1052 1611 1114
1595 3 1 892 1259 1523
1596 3 1 857 1148 1132
1597 3 1 942 1058 1313
1598 3 1 89 1232 1067
1599 3 1 878 1390 1166
1600 3 1 904 1514 1171
1601 3 1 961 1185 1488
1602 3 1 929 1304 1265
1603 3 1 1020 1235 1372
1604 3 1 143 144 1257
1605 3 1 873 1264 1170
1606 3 1 89 1067 1407
1607 3 1 889 1598 1044
1608 3 1 924 1229 1130
1609 3 1 921 1343 1061
1610 3 1 912 1590 1114
1611 3 1 943 1080 1241
1612 3 1 1070 1254 1370
1613 3 1 853 1623 1084
1614 3 1 1002 1442 1112
1615 3 1 1254 866 1370
1616 3 1 1043 1325 1513
1617 3 1 910 1220 1063
1618 3 1 193 194 1301
1619 3 1 140 141 1128
1620 3 1 924 1394 1468
1621 3 1 839 1182 1131
1622 3 1 884 1292 1082
1623 3 1 848 1431 1557
1624 3 1 1074 1408 1481
1625 3 1 850 1415 1088
1626 3 1 915 1125 1231
1627 3 1 890 1051 1512
1628 3 1 920 1070 1270
1629 3 1 919 1482 1173
1630 3 1 942 1046 1244
1631 3 1 921 1051 1343
1632 3 1 126 127 1094
1633 3 1 890 1343 1051
1634 3 1 859 1089 1168
1635 3 1 972 1231 1125
1636 3 1 928 1139 1129
1637 3 1 1270 1330 889
1638 3 1 967 1583 1040
1639 3 1 849 1269 1096
1640 3 1 889 1044 1313
1641 3 1 890 1061 1343
1642 3 1 167 168 1143
1643 3 1 219 1058 1433
1644 3 1 857 1132 1311
1645 3 1 860 1328 1106
1646 3 1 859 1305 1123
1647 3 1 93 1242 1282
1648 3 1 193 1060 1340
1649 3 1 1050 1314 1143
1650 3 1 917 1514 1101
1651 3 1 840 1192 1347
1652 3 1 1011 1087 1486
1653 3 1 962 1042 1575
1654 3 1 913 1066 1245
1655 3 1 950 1273 1064
1656 3 1 934 1467 1279
1657 3 1 91 1103 92
1658 3 1 197 1100 1337
1659 3 1 844 1458 1515
1660 3 1 920 1254 1070
1661 3 1 1088 1415 1469
1662 3 1 951 1320 1306
1663 3 1 903 1311 1132
1664 3 1 844 1515 1153
1665 3 1 888 1112 1442
1666 3 1 997 1130 1229
1667 3 1 944 1056 1308
1668 3 1 924 1468 1229
1669 3 1 1031 1207 1437
1670 3 1 864 1126 1261
1671 3 1 143 1257 1544
1672 3 1 176 1107 1384
1673 3 1 921 1296 1059
1674 3 1 906 1140 1113
1675 3 1 1025 1347 1192
1676 3 1 885 1152 1535
1677 3 1 889 1313 1058
1678 3 1 898 1495 1106
1679 3 1 1057 1193 1557
1680 3 1 871 1111 1332
1681 3 1 1525 1287 947
1682 3 1 1070 1330 1270
1683 3 1 848 1372 1235
1684 3 1 1219 923 1615
1685 3 1 1090 1287 1525
1686 3 1 908 1462 1168
1687 3 1 940 1416 1079
1688 3 1 146 147 1141
1689 3 1 927 1129 1139
1690 3 1 211 1499 1273
1691 3 1 963 1261 1126
1692 3 1 851 1397 1092
1693 3 1 904 1528 1309
1694 3 1 918 1178 1077
1695 3 1 937 1293 1063
1696 3 1 977 1092 1397
1697 3 1 1037 1349 1378
1698 3 1 936 1071 1428
1699 3 1 1044 1598 1345
1700 3 1 1054 1171 1514
1701 3 1 923 1137 1615
1702 3 1 998 1412 1194
1703 3 1 168 1614 1143
1704 3 1 999 1132 1148
1705 3 1 852 1102 1341
1706 3 1 1009 1177 1512
1707 3 1 900 1074 1517
1708 3 1 1072 1279 1467
1709 3 1 922 1458 1118
1710 3 1 892 1076 1259
1711 3 1 1041 1533 1183
1712 3 1 1030 1414 1223
1713 3 1 850 1364 1415
1714 3 1 222 1438 1322
1715 3 1 1078 1283 1572
1716 3 1 917 1620 1514
1717 3 1 1093 1231 1494
1718 3 1 1231 854 1494
1719 3 1 1013 1225 1498
1720 3 1 1000 1261 1249
1721 3 1 1337 964 1585
1722 3 1 970 1119 1318
1723 3 1 1585 964 1154
1724 3 1 1057 1557 1431
1725 3 1 213 214 1382
1726 3 1 894 1201 1086
1727 3 1 1155 1558 1241
1728 3 1 866 1135 1370
1729 3 1 971 1282 1242
1730 3 1 932 1206 1175
1731 3 1 866 1398 1135
1732 3 1 953 1112 1211
1733 3 1 1064 1273 1499
1734 3 1 1301 1589 949
1735 3 1 198 1428 1444
1736 3 1 957 1157 1224
1737 3 1 131 1385 1079
1738 3 1 126 87 3
1739 3 1 881 1377 1240
1740 3 1 859 1168 1305
1741 3 1 957 1267 1137
1742 3 1 947 1314 1086
1743 3 1 221 222 1322
1744 3 1 849 1096 1335
1745 3 1 1029 1489 1236
1746 3 1 1028 1106 1495
1747 3 1 862 1095 1312
1748 3 1 1071 1444 1428
1749 3 1 979 1290 1169
1750 3 1 907 1155 1241
1751 3 1 1106 1328 1221
1752 3 1 1098 1465 1238
1753 3 1 880 1339 1209
1754 3 1 959 1116 1581
1755 3 1 897 1197 1096
1756 3 1 996 1557 1193
1757 3 1 152 153 1130
1758 3 1 889 1058 1404
1759 3 1 901 1436 1105
1760 3 1 896 1386 1103
1761 3 1 987 1264 1182
1762 3 1 949 1319 1060
1763 3 1 1061 1164 1255
1764 3 1 847 1318 1119
1765 3 1 1236 1489 1618
1766 3 1 958 1158 1247
1767 3 1 1039 1588 1239
1768 3 1 949 1154 1234
1769 3 1 953 1378 1349
1770 3 1 140 1128 1591
1771 3 1 981 1332 1111
1772 3 1 1037 1205 1553
1773 3 1 1177 1577 1512
1774 3 1 214 1222 1382
1775 3 1 998 1194 1422
1776 3 1 922 1223 1414
1777 3 1 917 1101 1366
1778 3 1 884 1082 1456
1779 3 1 894 1086 1314
1780 3 1 903 1469 1311
1781 3 1 956 1250 1159
1782 3 1 845 1624 1308
1783 3 1 949 1060 1301
1784 3 1 902 1411 1163
1785 3 1 1062 1237 1542
1786 3 1 925 1192 1082
1787 3 1 1051 1186 1505
1788 3 1 974 1417 1269
1789 3 1 1081 1503 1298
1790 3 1 1333 1556 876
1791 3 1 900 1148 1492
1792 3 1 189 1533 1177
1793 3 1 963 1421 1344
1794 3 1 1188 1295 1616
1795 3 1 206 1121 1448
1796 3 1 959 1581 1136
1797 3 1 1075 1269 1417
1798 3 1 983 1170 1391
1799 3 1 872 1138 1342
1800 3 1 861 1142 1248
1801 3 1 928 1129 1329
1802 3 1 963 1249 1261
1803 3 1 196 197 1337
1804 3 1 1055 1488 1201
1805 3 1 1209 1339 1504
1806 3 1 848 1115 1431
1807 3 1 1456 1082 985
1808 3 1 984 1418 1087
1809 3 1 1572 1283 864
1810 3 1 204 205 1202
1811 3 1 1105 1226 1443
1812 3 1 862 1312 1076
1813 3 1 188 189 1177
1814 3 1 843 1606 1139
1815 3 1 929 1117 1215
1816 3 1 854 1098 1455
1817 3 1 884 1091 1272
1818 3 1 959 1175 1206
1819 3 1 1035 1282 1316
1820 3 1 862 1076 1605
1821 3 1 1023 1508 1181
1822 3 1 964 1100 1403
1823 3 1 907 1141 1521
1824 3 1 175 176 1384
1825 3 1 1018 1360 1527
1826 3 1 867 1367 1611
1827 3 1 976 1335 1096
1828 3 1 958 1069 1285
1829 3 1 913 1092 1188
1830 3 1 145 1080 1346
1831 3 1 986 1469 1415
1832 3 1 989 1342 1138
1833 3 1 1589 1154 949
1834 3 1 927 1283 1078
1835 3 1 904 1101 1514
1836 3 1 856 1490 1233
1837 3 1 844 1610 1584
1838 3 1 938 1232 1094
1839 3 1 954 1536 1066
1840 3 1 922 1597 1458
1841 3 1 862 1175 1133
1842 3 1 184 1227 1505
1843 3 1 159 160 1144
1844 3 1 971 1316 1282
1845 3 1 871 1332 1256
1846 3 1 976 1096 1627
1847 3 1 924 1130 1281
1848 3 1 839 1375 1182
1849 3 1 882 1319 1081
1850 3 1 886 1206 1380
1851 3 1 973 1280 1323
1852 3 1 959 1133 1175
1853 3 1 898 1106 1221
1854 3 1 1083 1344 1421
1855 3 1 958 1393 1118
1856 3 1 1616 1295 1033
1857 3 1 928 1185 1139
1858 3 1 1004 1240 1377
1859 3 1 127 1266 1094
1860 3 1 843 1619 1606
1861 3 1 165 1090 1383
1862 3 1 868 1285 1150
1863 3 1 1049 1425 1391
1864 3 1 1028 1602 1173
1865 3 1 972 1474 1231
1866 3 1 131 1079 1416
1867 3 1 1114 1611 1367
1868 3 1 1082 1435 985
1869 3 1 870 1215 1117
1870 3 1 92 1103 1242
1871 3 1 904 1171 1596
1872 3 1 964 1234 1154
1873 3 1 922 1414 1208
1874 3 1 860 1106 1212
1875 3 1 869 1122 1230
1876 3 1 155 1083 1473
1877 3 1 842 1225 1099
1878 3 1 985 1114 1367
1879 3 1 928 1201 1488
1880 3 1 938 1094 1266
1881 3 1 900 1517 1148
1882 3 1 1074 1594 1408
1883 3 1 847 1119 1205
1884 3 1 1119 1553 1205
1885 3 1 202 1180 1167
1886 3 1 1077 1283 1606
1887 3 1 912 1114 1203
1888 3 1 958 1363 1069
1889 3 1 1233 1490 1573
1890 3 1 954 1066 1325
1891 3 1 868 1412 1369
1892 3 1 940 1079 1464
1893 3 1 1556 1176 876
1894 3 1 897 1403 1100
1895 3 1 844 1153 1610
1896 3 1 903 1304 1088
1897 3 1 973 1323 1169
1898 3 1 961 1248 1142
1899 3 1 919 1555 1225
1900 3 1 918 1104 1217
1901 3 1 930 1399 1461
1902 3 1 150 151 1146
1903 3 1 933 1457 1149
1904 3 1 1050 1143 1614
1905 3 1 930 1131 1182
1906 3 1 1050 1267 1485
1907 3 1 931 1373 1128
1908 3 1 858 1156 1381
1909 3 1 1217 1356 1571
1910 3 1 846 1513 1325
1911 3 1 929 1088 1304
1912 3 1 989 1072 1342
1913 3 1 897 1075 1403
1914 3 1 923 1152 1291
1915 3 1 853 1084 1406
1916 3 1 202 203 1180
1917 3 1 949 1503 1081
1918 3 1 948 1453 1093
1919 3 1 880 1529 1260
1920 3 1 884 1208 1292
1921 3 1 184 185 1227
1922 3 1 870 1117 1362
1923 3 1 1077 1178 1283
1924 3 1 965 1370 1135
1925 3 1 948 1216 1446
1926 3 1 909 1262 1172
1927 3 1 205 206 1448
1928 3 1 1256 1332 1565
1929 3 1 949 1081 1319
1930 3 1 89 1407 90
1931 3 1 849 1388 1269
1932 3 1 1001 1303 1174
1933 3 1 1038 1591 1128
1934 3 1 983 1493 1170
1935 3 1 849 1113 1425
1936 3 1 934 1279 1146
1937 3 1 863 1546 1253
1938 3 1 873 1140 1204
1939 3 1 983 1425 1113
1940 3 1 1019 1241 1558
1941 3 1 862 1133 1496
1942 3 1 1015 1243 1195
1943 3 1 923 1291 1157
1944 3 1 219 220 1268
1945 3 1 1041 1177 1533
1946 3 1 1047 1208 1414
1947 3 1 862 1496 1095
1948 3 1 851 1092 1315
1949 3 1 129 130 1218
1950 3 1 925 1082 1292
1951 3 1 1002 1519 1110
1952 3 1 969 1135 1398
1953 3 1 925 1455 1098
1954 3 1 1350 1006 1401
1955 3 1 843 1139 1185
1956 3 1 1096 1197 1627
1957 3 1 951 1306 1120
1958 3 1 914 1210 1165
1959 3 1 964 1337 1100
1960 3 1 994 1198 1562
1961 3 1 943 1346 1080
1962 3 1 858 1381 1196
1963 3 1 867 1307 1228
1964 3 1 842 1275 1134
1965 3 1 129 1218 1484
1966 3 1 975 1362 1117
1967 3 1 911 1090 1525
1968 3 1 868 1251 1412
1969 3 1 1133 1561 1496
1970 3 1 1017 1165 1210
1971 3 1 946 1230 1122
1972 3 1 1099 1225 1555
1973 3 1 1059 1543 1186
1974 3 1 956 1351 1250
1975 3 1 1019 1326 1339
1976 3 1 902 1501 1307
1977 3 1 874 1245 1536
1978 3 1 133 134 1162
1979 3 1 994 1562 1472
1980 3 1 977 1409 1092
1981 3 1 210 211 1273
1982 3 1 990 1168 1462
1983 3 1 863 1271 1546
1984 3 1 941 1167 1180
1985 3 1 1030 1216 1494
1986 3 1 215 216 1198
1987 3 1 953 1275 1112
1988 3 1 980 1327 1189
1989 3 1 969 1151 1374
1990 3 1 957 1485 1267
1991 3 1 856 1101 1309
1992 3 1 875 1356 1217
1993 3 1 896 1103 1449
1994 3 1 933 1470 1196
1995 3 1 942 1147 1538
1996 3 1 922 1118 1223
1997 3 1 953 1134 1275
1998 3 1 884 1456 1091
1999 3 1 1182 1264 1399
2000 3 1 88 1232 89
2001 3 1 984 1291 1152
2002 3 1 940 1218 1416
2003 3 1 881 1159 1464
2004 3 1 930 1461 1190
2005 3 1 1008 1492 1148
2006 3 1 201 202 1167
2007 3 1 867 1228 1463
2008 3 1 934 1179 1214
2009 3 1 930 1190 1176
2010 3 1 893 1541 1226
2011 3 1 928 1329 1201
2012 3 1 921 1127 1296
2013 3 1 948 1448 1121
2014 3 1 1109 1350 1401
2015 3 1 877 1247 1432
2016 3 1 1013 1105 1554
2017 3 1 854 1474 1098
2018 3 1 1065 1226 1541
2019 3 1 176 1405 1107
2020 3 1 940 1402 1218
2021 3 1 855 1602 1127
2022 3 1 929 1215 1189
2023 3 1 842 1099 1263
2024 3 1 941 1158 1369
2025 3 1 945 1246 1187
2026 3 1 981 1449 1103
2027 3 1 7 1395 186
2028 3 1 867 1611 1307
2029 3 1 859 1086 1329
2030 3 1 869 1293 1122
2031 3 1 931 1195 1243
2032 3 1 954 1214 1179
2033 3 1 865 1110 1298
2034 3 1 1196 1470 1331
2035 3 1 190 191 1183
2036 3 1 886 1564 1116
2037 3 1 903 1088 1469
2038 3 1 7 187 1395
2039 3 1 983 1391 1425
2040 3 1 877 1432 1446
2041 3 1 915 1093 1453
2042 3 1 990 1305 1168
2043 3 1 1026 1596 1171
2044 3 1 871 1256 1402
2045 3 1 1084 1492 1539
2046 3 1 1068 1610 1204
2047 3 1 966 1176 1190
2048 3 1 958 1247 1393
2049 3 1 160 1317 1144
2050 3 1 1051 1505 1227
2051 3 1 876 1295 1188
2052 3 1 171 1615 1137
2053 3 1 993 1163 1411
2054 3 1 1066 1536 1245
2055 3 1 942 1244 1433
2056 3 1 138 139 1187
2057 3 1 182 183 1186
2058 3 1 867 1463 1547
2059 3 1 931 1128 1420
2060 3 1 960 1099 1555
2061 3 1 1002 1110 1442
2062 3 1 927 1606 1283
2063 3 1 1038 1128 1373
2064 3 1 945 1478 1246
2065 3 1 850 1189 1327
2066 3 1 893 1522 1541
2067 3 1 1103 1386 1242
2068 3 1 920 1270 1434
2069 3 1 999 1148 1517
2070 3 1 960 1419 1099
2071 3 1 870 1108 1563
2072 3 1 871 1351 1111
2073 3 1 937 1546 1293
2074 3 1 1025 1192 1238
2075 3 1 1063 1293 1184
2076 3 1 931 1193 1373
2077 3 1 1157 1551 1224
2078 3 1 92 1242 93
2079 3 1 1036 1218 1402
2080 3 1 911 1525 1123
2081 3 1 855 1255 1427
2082 3 1 857 1540 1148
2083 3 1 871 1402 1250
2084 3 1 936 1428 1194
2085 3 1 848 1410 1115
2086 3 1 929 1265 1117
2087 3 1 839 1131 1567
2088 3 1 1118 1393 1223
2089 3 1 962 1339 1326
2090 3 1 913 1616 1274
2091 3 1 889 1330 1598
2092 3 1 881 1464 1377
2093 3 1 839 1560 1375
2094 3 1 152 1130 1441
2095 3 1 209 1530 1401
2096 3 1 1041 1164 1577
2097 3 1 199 200 1194
2098 3 1 946 1122 1271
2099 3 1 1126 1439 1421
2100 3 1 167 1143 1287
2101 3 1 153 1281 1130
2102 3 1 197 1444 1100
2103 3 1 865 1417 1110
2104 3 1 854 1455 1604
2105 3 1 856 1233 1366
2106 3 1 1109 1401 1530
2107 3 1 891 1306 1480
2108 3 1 849 1335 1113
2109 3 1 981 1103 1451
2110 3 1 881 1240 1559
2111 3 1 1349 901 1498
2112 3 1 911 1123 1305
2113 3 1 1084 1147 1406
2114 3 1 947 1123 1525
2115 3 1 916 1255 1164
2116 3 1 948 1121 1453
2117 3 1 859 1329 1129
2118 3 1 934 1146 1334
2119 3 1 1091 1547 1413
2120 3 1 865 1475 1417
2121 3 1 1023 1181 1371
2122 3 1 960 1427 1359
2123 3 1 994 1124 1452
2124 3 1 941 1369 1579
2125 3 1 1068 1584 1610
2126 3 1 997 1334 1146
2127 3 1 890 1577 1164
2128 3 1 1047 1455 1292
2129 3 1 1082 1192 1435
2130 3 1 968 1376 1348
2131 3 1 936 1194 1412
2132 3 1 205 1448 1202
2133 3 1 958 1118 1363
2134 3 1 844 1363 1458
2135 3 1 1036 1484 1218
2136 3 1 217 218 1244
2137 3 1 997 1146 1441
2138 3 1 1122 1293 1546
2139 3 1 975 1115 1410
2140 3 1 987 1182 1375
2141 3 1 980 1189 1215
2142 3 1 985 1574 1114
2143 3 1 151 1441 1146
2144 3 1 967 1477 1354
2145 3 1 864 1376 1126
2146 3 1 841 1161 1481
2147 3 1 925 1238 1192
2148 3 1 856 1366 1101
2149 3 1 905 1391 1170
2150 3 1 970 1105 1436
2151 3 1 952 1459 1204
2152 3 1 997 1441 1130
2153 3 1 952 1204 1610
2154 3 1 1018 1107 1405
2155 3 1 972 1465 1098
2156 3 1 1003 1564 1265
2157 3 1 1005 1413 1547
2158 3 1 212 1120 1499
2159 3 1 970 1436 1119
2160 3 1 1048 1359 1427
2161 3 1 840 1203 1574
2162 3 1 852 1531 1102
2163 3 1 1048 1427 1255
2164 3 1 862 1605 1175
2165 3 1 978 1384 1107
2166 3 1 1134 1349 1498
2167 3 1 972 1098 1474
2168 3 1 192 1340 1396
2169 3 1 857 1320 1540
2170 3 1 164 1383 1548
2171 3 1 963 1126 1421
2172 3 1 989 1141 1379
2173 3 1 986 1480 1311
2174 3 1 153 154 1281
2175 3 1 1032 1365 1559
2176 3 1 1021 1424 1324
2177 3 1 1085 1480 1306
2178 3 1 955 1502 1104
2179 3 1 147 1379 1141
2180 3 1 144 145 1346
2181 3 1 974 1110 1417
2182 3 1 1071 1100 1444
2183 3 1 840 1435 1192
2184 3 1 970 1318 1387
2185 3 1 941 1247 1158
2186 3 1 915 1440 1125
2187 3 1 902 1307 1603
2188 3 1 162 1145 1578
2189 3 1 1028 1482 1106
2190 3 1 1016 1366 1233
2191 3 1 874 1179 1625
2192 3 1 1008 1540 1124
2193 3 1 1007 1496 1561
2194 3 1 915 1453 1121
2195 3 1 940 1159 1250
2196 3 1 998 1422 1167
2197 3 1 218 219 1433
2198 3 1 1118 1458 1363
2199 3 1 868 1158 1285
2200 3 1 137 138 1246
2201 3 1 926 1381 1156
2202 3 1 841 1400 1161
2203 3 1 1095 1478 1312
2204 3 1 131 132 1385
2205 3 1 1008 1539 1492
2206 3 1 141 1420 1128
2207 3 1 872 1467 1214
2208 3 1 976 1150 1447
2209 3 1 134 1507 1162
2210 3 1 1593 1400 1003
2211 3 1 975 1380 1115
2212 3 1 157 158 1592
2213 3 1 1064 1499 1497
2214 3 1 1022 1307 1501
2215 3 1 91 1451 1103
2216 3 1 1039 1322 1438
2217 3 1 855 1173 1602
2218 3 1 201 1167 1422
2219 3 1 978 1107 1522
2220 3 1 903 1132 1487
2221 3 1 925 1292 1455
2222 3 1 973 1131 1333
2223 3 1 138 1187 1246
2224 3 1 1172 1262 1490
2225 3 1 1124 1540 1320
2226 3 1 866 1316 1398
2227 3 1 215 1198 1450
2228 3 1 840 1574 1435
2229 3 1 1085 1311 1480
2230 3 1 899 1421 1439
2231 3 1 206 1526 1121
2232 3 1 975 1117 1568
2233 3 1 953 1349 1134
2234 3 1 988 1408 1594
2235 3 1 1054 1514 1620
2236 3 1 973 1567 1131
2237 3 1 968 1126 1376
2238 3 1 924 1297 1394
2239 3 1 178 179 1237
2240 3 1 1120 1497 1499
2241 3 1 951 1120 1382
2242 3 1 1051 1227 1512
2243 3 1 159 1144 1294
2244 3 1 1049 1391 1236
2245 3 1 981 1407 1332
2246 3 1 1065 1328 1443
2247 3 1 190 1183 1533
2248 3 1 947 1287 1143
2249 3 1 149 1279 1550
2250 3 1 851 1476 1397
2251 3 1 876 1176 1295
2252 3 1 869 1230 1252
2253 3 1 150 1146 1279
2254 3 1 1033 1601 1149
2255 3 1 1067 1332 1407
2256 3 1 864 1283 1178
2257 3 1 938 1565 1232
2258 3 1 888 1489 1112
2259 3 1 1043 1163 1302
2260 3 1 149 150 1279
2261 3 1 845 1200 1310
2262 3 1 1119 1436 1553
2263 3 1 4 1438 222
2264 3 1 1091 1456 1367
2265 3 1 158 159 1294
2266 3 1 1097 1548 1383
2267 3 1 1084 1213 1492
2268 3 1 1011 1387 1318
2269 3 1 1076 1312 1259
2270 3 1 961 1142 1361
2271 3 1 958 1285 1158
2272 3 1 905 1170 1389
2273 3 1 1010 1582 1506
2274 3 1 910 1361 1142
2275 3 1 932 1431 1115
2276 3 1 1015 1544 1257
2277 3 1 198 199 1428
2278 3 1 1161 1400 1593
2279 3 1 901 1553 1436
2280 3 1 907 1521 1138
2281 3 1 95 1239 96
2282 3 1 952 1156 1355
2283 3 1 981 1111 1449
2284 3 1 156 157 1344
2285 3 1 888 1442 1353
2286 3 1 1595 993 1531
2287 3 1 914 1426 1135
2288 3 1 969 1374 1310
2289 3 1 137 1246 1454
2290 3 1 1075 1417 1475
2291 3 1 994 1472 1124
2292 3 1 959 1136 1483
2293 3 1 144 1346 1257
2294 3 1 203 1445 1180
2295 3 1 157 1592 1249
2296 3 1 906 1113 1447
2297 3 1 1004 1377 1385
2298 3 1 875 1323 1280
2299 3 1 839 1290 1560
2300 3 1 999 1487 1132
2301 3 1 872 1302 1163
2302 3 1 1024 1515 1458
2303 3 1 907 1138 1595
2304 3 1 952 1610 1153
2305 3 1 1067 1232 1565
2306 3 1 873 1493 1140
2307 3 1 166 167 1287
2308 3 1 861 1479 1142
2309 3 1 992 1394 1599
2310 3 1 1010 1321 1582
2311 3 1 959 1483 1133
2312 3 1 989 1138 1521
2313 3 1 142 1195 1420
2314 3 1 954 1302 1214
2315 3 1 856 1309 1172
2316 3 1 4 97 1438
2317 3 1 947 1143 1314
2318 3 1 926 1413 1381
2319 3 1 978 1181 1617
2320 3 1 127 128 1266
2321 3 1 1038 1187 1591
2322 3 1 956 1365 1336
2323 3 1 965 1135 1426
2324 3 1 872 1534 1138
2325 3 1 987 1389 1170
2326 3 1 985 1367 1456
2327 3 1 895 1539 1472
2328 3 1 139 1591 1187
2329 3 1 957 1137 1608
2330 3 1 915 1191 1440
2331 3 1 888 1618 1489
2332 3 1 1047 1292 1208
2333 3 1 955 1252 1284
2334 3 1 969 1310 1200
2335 3 1 1026 1246 1478
2336 3 1 872 1342 1467
2337 3 1 887 1324 1424
2338 3 1 162 1423 1145
2339 3 1 154 155 1473
2340 3 1 157 1249 1344
2341 3 1 994 1450 1198
2342 3 1 839 1169 1290
2343 3 1 979 1252 1230
2344 3 1 931 1420 1195
2345 3 1 191 192 1396
2346 3 1 163 1548 1423
2347 3 1 969 1398 1151
2348 3 1 920 1587 1254
2349 3 1 885 1418 1152
2350 3 1 192 193 1340
2351 3 1 200 1422 1194
2352 3 1 1112 1489 1211
2353 3 1 1034 1571 1356
2354 3 1 861 1157 1291
2355 3 1 93 1282 94
2356 3 1 923 1608 1137
2357 3 1 141 142 1420
2358 3 1 1263 1519 1537
2359 3 1 966 1295 1176
2360 3 1 169 170 1267
2361 3 1 1055 1551 1248
2362 3 1 1007 1172 1309
2363 3 1 869 1184 1293
2364 3 1 861 1248 1551
2365 3 1 1032 1336 1365
2366 3 1 132 133 1429
2367 3 1 1073 1599 1394
2368 3 1 916 1582 1255
2369 3 1 979 1169 1323
2370 3 1 860 1443 1328
2371 3 1 142 143 1544
2372 3 1 1072 1550 1279
2373 3 1 1077 1606 1619
2374 3 1 988 1594 1390
2375 3 1 183 1505 1186
2376 3 1 1155 1595 1531
2377 3 1 182 1186 1543
2378 3 1 944 1358 1233
2379 3 1 161 162 1578
2380 3 1 1065 1527 1328
2381 3 1 1179 1334 1625
2382 3 1 989 1521 1141
2383 3 1 883 1238 1465
2384 3 1 949 1234 1503
2385 3 1 1079 1385 1377
2386 3 1 891 1174 1303
2387 3 1 1059 1296 1518
2388 3 1 995 1180 1445
2389 3 1 142 1544 1195
2390 3 1 948 1202 1448
2391 3 1 914 1165 1426
2392 3 1 1014 1390 1278
2393 3 1 968 1439 1126
2394 3 1 90 1451 91
2395 3 1 1010 1396 1340
2396 3 1 896 1374 1151
2397 3 1 1105 1443 1554
2398 3 1 923 1535 1152
2399 3 1 1031 1430 1207
2400 3 1 909 1483 1136
2401 3 1 858 1355 1156
2402 3 1 1016 1559 1240
2403 3 1 935 1328 1527
2404 3 1 874 1468 1245
2405 3 1 941 1180 1432
2406 3 1 1026 1454 1246
2407 3 1 872 1214 1302
2408 3 1 999 1481 1161
2409 3 1 974 1269 1388
2410 3 1 979 1284 1252
2411 3 1 956 1159 1365
2412 3 1 1037 1378 1253
2413 3 1 954 1179 1536
2414 3 1 930 1556 1131
2415 3 1 927 1139 1606
2416 3 1 1120 1306 1497
2417 3 1 1025 1238 1509
2418 3 1 868 1369 1158
2419 3 1 984 1152 1418
2420 3 1 895 1538 1147
2421 3 1 164 165 1383
2422 3 1 1006 1440 1191
2423 3 1 881 1365 1159
2424 3 1 1068 1204 1524
2425 3 1 132 1429 1385
2426 3 1 988 1390 1262
2427 3 1 878 1278 1390
2428 3 1 1074 1166 1594
2429 3 1 860 1554 1443
2430 3 1 1050 1614 1267
2431 3 1 982 1338 1364
2432 3 1 208 209 1401
2433 3 1 1097 1423 1548
2434 3 1 1034 1356 1397
2435 3 1 1008 1148 1540
2436 3 1 977 1280 1288
2437 3 1 957 1608 1157
2438 3 1 180 181 1286
2439 3 1 898 1518 1296
2440 3 1 991 1434 1270
2441 3 1 865 1298 1503
2442 3 1 1144 1462 1545
2443 3 1 1239 1552 1587
2444 3 1 178 1237 1360
2445 3 1 923 1157 1608
2446 3 1 1091 1413 1272
2447 3 1 96 1239 1588
2448 3 1 977 1397 1356
2449 3 1 853 1345 1165
2450 3 1 973 1288 1280
2451 3 1 95 1552 1239
2452 3 1 910 1491 1220
2453 3 1 984 1479 1291
2454 3 1 909 1136 1520
2455 3 1 1017 1623 1165
2456 3 1 990 1578 1145
2457 3 1 928 1488 1185
2458 3 1 1034 1397 1476
2459 3 1 1019 1339 1260
2460 3 1 216 1622 1198
2461 3 1 910 1142 1491
2462 3 1 869 1252 1430
2463 3 1 1020 1372 1209
2464 3 1 906 1447 1150
2465 3 1 1007 1561 1172
2466 3 1 881 1559 1365
2467 3 1 883 1509 1238
2468 3 1 1023 1535 1219
2469 3 1 858 1196 1331
2470 3 1 907 1595 1155
2471 3 1 933 1196 1463
2472 3 1 955 1207 1430
2473 3 1 1545 1462 908
2474 3 1 896 1151 1386
2475 3 1 1021 1235 1424
2476 3 1 873 1170 1493
2477 3 1 960 1199 1419
2478 3 1 909 1172 1561
2479 3 1 861 1551 1157
2480 3 1 1014 1262 1390
2481 3 1 906 1524 1140
2482 3 1 1110 1519 1298
2483 3 1 130 131 1416
2484 3 1 1046 1198 1622
2485 3 1 934 1334 1179
2486 3 1 960 1359 1199
2487 3 1 923 1219 1535
2488 3 1 995 1432 1180
2489 3 1 846 1149 1457
2490 3 1 128 1484 1266
2491 3 1 176 177 1405
2492 3 1 1162 1507 1620
2493 3 1 1133 1483 1561
2494 3 1 1144 1317 1462
2495 3 1 1022 1228 1307
2496 3 1 853 1165 1623
2497 3 1 960 1173 1427
2498 3 1 160 161 1317
2499 3 1 978 1617 1384
2500 3 1 933 1149 1470
2501 3 1 1026 1171 1454
2502 3 1 1136 1581 1408
2503 3 1 179 1542 1237
2504 3 1 1007 1309 1528
2505 3 1 998 1369 1412
2506 3 1 841 1408 1581
2507 3 1 932 1175 1605
2508 3 1 971 1386 1151
2509 3 1 852 1155 1531
2510 3 1 982 1289 1338
2511 3 1 1027 1392 1160
2512 3 1 1048 1255 1582
2513 3 1 1005 1463 1196
2514 3 1 871 1250 1351
2515 3 1 136 1454 1171
2516 3 1 875 1217 1502
2517 3 1 972 1289 1299
2518 3 1 863 1378 1211
2519 3 1 1049 1388 1425
2520 3 1 1012 1461 1399
2521 3 1 893 1387 1277
2522 3 1 1086 1201 1329
2523 3 1 1003 1400 1564
2524 3 1 935 1221 1328
2525 3 1 1009 1500 1177
2526 3 1 966 1190 1331
2527 3 1 879 1350 1258
2528 3 1 967 1324 1583
2529 3 1 1017 1210 1609
2530 3 1 960 1555 1173
2531 3 1 882 1199 1359
2532 3 1 1029 1211 1489
2533 3 1 864 1178 1376
2534 3 1 855 1427 1173
2535 3 1 90 1407 1451
2536 3 1 1116 1564 1400
2537 3 1 909 1561 1483
2538 3 1 1000 1572 1261
2539 3 1 1073 1394 1297
2540 3 1 976 1447 1335
2541 3 1 992 1245 1468
2542 3 1 1052 1307 1611
2543 3 1 978 1277 1549
2544 3 1 188 1177 1500
2545 3 1 865 1234 1475
2546 3 1 939 1519 1263
2547 3 1 876 1188 1409
2548 3 1 995 1445 1202
2549 3 1 1035 1316 1254
2550 3 1 1021 1354 1362
2551 3 1 1058 1268 1404
2552 3 1 951 1382 1222
2553 3 1 970 1387 1226
2554 3 1 1046 1622 1244
2555 3 1 1066 1274 1325
2556 3 1 1011 1277 1387
2557 3 1 962 1575 1357
2558 3 1 214 215 1450
2559 3 1 207 1566 1191
2560 3 1 978 1371 1181
2561 3 1 953 1211 1378
2562 3 1 939 1419 1199
2563 3 1 1073 1276 1599
2564 3 1 169 1267 1614
2565 3 1 940 1464 1159
2566 3 1 998 1167 1579
2567 3 1 851 1276 1476
2568 3 1 926 1153 1515
2569 3 1 172 1219 1615
2570 3 1 986 1174 1480
2571 3 1 204 1202 1445
2572 3 1 851 1599 1276
2573 3 1 891 1480 1174
2574 3 1 870 1362 1354
2575 3 1 172 1508 1219
2576 3 1 883 1299 1300
2577 3 1 866 1254 1316
2578 3 1 133 1162 1429
2579 3 1 991 1322 1434
2580 3 1 973 1169 1567
2581 3 1 217 1244 1622
2582 3 1 942 1586 1147
2583 3 1 872 1163 1534
2584 3 1 1106 1482 1212
2585 3 1 962 1504 1339
2586 3 1 858 1331 1190
2587 3 1 986 1415 1174
2588 3 1 1140 1524 1204
2589 3 1 174 1617 1181
2590 3 1 943 1257 1346
2591 3 1 982 1299 1289
2592 3 1 879 1258 1338
2593 3 1 843 1437 1207
2594 3 1 214 1450 1222
2595 3 1 945 1312 1478
2596 3 1 903 1487 1593
2597 3 1 874 1536 1179
2598 3 1 207 208 1566
2599 3 1 207 1191 1526
2600 3 1 1010 1340 1466
2601 3 1 1027 1375 1560
2602 3 1 171 172 1615
2603 3 1 177 178 1360
2604 3 1 930 1176 1556
2605 3 1 1092 1409 1188
2606 3 1 926 1272 1413
2607 3 1 945 1259 1312
2608 3 1 147 148 1379
2609 3 1 930 1182 1399
2610 3 1 191 1396 1183
2611 3 1 172 173 1508
2612 3 1 1029 1600 1160
2613 3 1 843 1185 1437
2614 3 1 849 1425 1388
2615 3 1 875 1502 1284
2616 3 1 218 1433 1244
2617 3 1 1032 1559 1358
2618 3 1 979 1323 1284
2619 3 1 206 207 1526
2620 3 1 992 1468 1394
2621 3 1 846 1325 1274
2622 3 1 1104 1502 1217
2623 3 1 980 1563 1576
2624 3 1 1000 1368 1572
2625 3 1 1161 1593 1487
2626 3 1 181 1543 1286
2627 3 1 180 1286 1542
2628 3 1 894 1485 1224
2629 3 1 978 1549 1371
2630 3 1 1127 1602 1495
2631 3 1 996 1209 1372
2632 3 1 980 1300 1327
2633 3 1 1124 1320 1452
2634 3 1 968 1276 1439
2635 3 1 878 1166 1609
2636 3 1 1165 1345 1426
2637 3 1 875 1284 1323
2638 3 1 977 1288 1409
2639 3 1 199 1194 1428
2640 3 1 1029 1236 1600
2641 3 1 1059 1286 1543
2642 3 1 961 1437 1185
2643 3 1 863 1253 1378
2644 3 1 1016 1233 1358
2645 3 1 1030 1494 1604
2646 3 1 1005 1196 1381
2647 3 1 852 1558 1155
2648 3 1 1027 1389 1375
2649 3 1 880 1209 1471
2650 3 1 890 1512 1577
2651 3 1 892 1373 1193
2652 3 1 1001 1364 1338
2653 3 1 941 1579 1167
2654 3 1 993 1534 1163
2655 3 1 971 1242 1386
2656 3 1 919 1173 1555
2657 3 1 982 1300 1299
2658 3 1 1035 1552 1282
2659 3 1 1052 1603 1307
2660 3 1 130 1416 1218
2661 3 1 926 1515 1272
2662 3 1 200 201 1422
2663 3 1 1014 1490 1262
2664 3 1 919 1212 1482
2665 3 1 999 1161 1487
2666 3 1 1027 1160 1613
2667 3 1 900 1213 1570
2668 3 1 1036 1402 1256
2669 3 1 220 221 1510
2670 3 1 1039 1434 1322
2671 3 1 1060 1466 1340
2672 3 1 1108 1576 1563
2673 3 1 187 188 1500
2674 3 1 839 1567 1169
2675 3 1 1001 1338 1258
2676 3 1 148 1550 1379
2677 3 1 963 1344 1249
2678 3 1 878 1609 1210
2679 3 1 1038 1523 1187
2680 3 1 162 163 1423
2681 3 1 893 1226 1387
2682 3 1 1002 1537 1519
2683 3 1 1015 1195 1544
2684 3 1 873 1204 1459
2685 3 1 931 1532 1193
2686 3 1 873 1459 1264
2687 3 1 203 204 1445
2688 3 1 185 186 1516
2689 3 1 151 152 1441
2690 3 1 877 1223 1393
2691 3 1 936 1627 1197
2692 3 1 1062 1542 1286
2693 3 1 916 1183 1506
2694 3 1 986 1311 1469
2695 3 1 877 1446 1216
2696 3 1 1005 1381 1413
2697 3 1 197 198 1444
2698 3 1 996 1193 1532
2699 3 1 860 1212 1554
2700 3 1 977 1356 1280
2701 3 1 880 1260 1339
2702 3 1 905 1600 1236
2703 3 1 1047 1604 1455
2704 3 1 1011 1549 1277
2705 3 1 1014 1573 1490
2706 3 1 1048 1321 1359
2707 3 1 1024 1272 1515
2708 3 1 1162 1620 1511
2709 3 1 136 137 1454
2710 3 1 6 1548 163
2711 3 1 1035 1254 1587
2712 3 1 1028 1495 1602
2713 3 1 982 1327 1300
2714 3 1 917 1511 1620
2715 3 1 879 1338 1289
2716 3 1 875 1280 1356
2717 3 1 973 1333 1288
2718 3 1 856 1172 1490
2719 3 1 1114 1574 1203
2720 3 1 934 1214 1467
2721 3 1 967 1354 1324
2722 3 1 972 1299 1465
2723 3 1 987 1375 1389
2724 3 1 1012 1264 1459
2725 3 1 900 1492 1213
2726 3 1 939 1263 1419
2727 3 1 905 1236 1391
2728 3 1 944 1624 1358
2729 3 1 922 1208 1597
2730 3 1 996 1471 1209
2731 3 1 1006 1191 1566
2732 3 1 94 1282 1552
2733 3 1 128 129 1484
2734 3 1 980 1215 1563
2735 3 1 876 1288 1333
2736 3 1 1020 1424 1235
2737 3 1 1017 1570 1213
2738 3 1 951 1222 1452
2739 3 1 882 1466 1319
2740 3 1 211 212 1499
2741 3 1 1020 1209 1504
2742 3 1 903 1593 1304
2743 3 1 1138 1534 1595
2744 3 1 194 195 1589
2745 3 1 134 135 1507
2746 3 1 993 1595 1534
2747 3 1 189 190 1533
2748 3 1 876 1409 1288
2749 3 1 209 210 1530
2750 3 1 1041 1577 1177
2751 3 1 858 1190 1461
2752 3 1 933 1463 1228
2753 3 1 945 1187 1523
2754 3 1 957 1224 1485
2755 3 1 990 1462 1317
2756 3 1 1060 1319 1466
2757 3 1 1065 1443 1226
2758 3 1 216 217 1622
2759 3 1 1004 1385 1429
2760 3 1 1021 1324 1354
2761 3 1 1013 1554 1212
2762 3 1 940 1250 1402
2763 3 1 195 196 1585
2764 3 1 148 149 1550
2765 3 1 995 1446 1432
2766 3 1 936 1251 1627
2767 3 1 936 1412 1251
2768 3 1 848 1235 1410
2769 3 1 842 1537 1275
2770 3 1 1046 1562 1198
2771 3 1 1091 1367 1547
2772 3 1 882 1359 1321
2773 3 1 889 1404 1270
2774 3 1 139 140 1591
2775 3 1 185 1516 1227
2776 3 1 870 1563 1215
2777 3 1 899 1612 1297
2778 3 1 994 1222 1450
2779 3 1 1000 1294 1545
2780 3 1 941 1432 1247
2781 3 1 931 1243 1532
2782 3 1 886 1265 1564
2783 3 1 994 1452 1222
2784 3 1 955 1430 1252
2785 3 1 854 1231 1474
2786 3 1 946 1271 1392
2787 3 1 174 175 1617
2788 3 1 94 1552 95
2789 3 1 1023 1219 1508
2790 3 1 183 184 1505
2791 3 1 1024 1458 1597
2792 3 1 877 1393 1247
2793 3 1 965 1345 1598
2794 3 1 887 1424 1357
2795 3 1 920 1239 1587
2796 3 1 1033 1274 1616
2797 3 1 1099 1419 1263
2798 3 1 1025 1509 1477
2799 3 1 943 1529 1257
2800 3 1 96 1588 97
2801 3 1 917 1240 1511
2802 3 1 210 1273 1530
2803 3 1 1102 1531 1411
2804 3 1 880 1471 1243
2805 3 1 913 1188 1616
2806 3 1 874 1229 1468
2807 3 1 1030 1604 1414
2808 3 1 978 1522 1277
2809 3 1 1012 1399 1264
2810 3 1 982 1364 1327
2811 3 1 968 1476 1276
2812 3 1 179 180 1542
2813 3 1 181 182 1543
2814 3 1 6 164 1548
2815 3 1 899 1297 1580
2816 3 1 1166 1570 1609
2817 3 1 865 1503 1234
2818 3 1 1009 1227 1516
2819 3 1 991 1404 1268
2820 3 1 965 1330 1370
2821 3 1 1020 1357 1424
2822 3 1 1073 1297 1612
2823 3 1 991 1270 1404
2824 3 1 1045 1310 1374
2825 3 1 1011 1486 1549
2826 3 1 1025 1477 1347
2827 3 1 964 1475 1234
2828 3 1 988 1262 1520
2829 3 1 1021 1607 1235
2830 3 1 1010 1466 1321
2831 3 1 918 1217 1571
2832 3 1 158 1294 1592
2833 3 1 1070 1370 1330
2834 3 1 902 1603 1411
2835 3 1 1049 1353 1388
2836 3 1 1009 1512 1227
2837 3 1 967 1347 1477
2838 3 1 1053 1580 1297
2839 3 1 883 1300 1576
2840 3 1 168 169 1614
2841 3 1 1000 1249 1592
2842 3 1 1055 1248 1488
2843 3 1 1108 1477 1509
2844 3 1 1004 1511 1240
2845 3 1 1014 1278 1573
2846 3 1 1015 1257 1529
2847 3 1 891 1497 1306
2848 3 1 886 1568 1265
2849 3 1 997 1229 1625
2850 3 1 1017 1609 1570
2851 3 1 177 1360 1405
2852 3 1 1069 1363 1584
2853 3 1 1017 1213 1623
2854 3 1 864 1261 1572
2855 3 1 882 1321 1466
2856 3 1 1127 1495 1296
2857 3 1 1122 1546 1271
2858 3 1 1102 1603 1590
2859 3 1 850 1327 1364
2860 3 1 990 1317 1578
2861 3 1 909 1520 1262
2862 3 1 991 1268 1510
2863 3 1 1055 1224 1551
2864 3 1 992 1599 1315
2865 3 1 1000 1545 1368
2866 3 1 1083 1421 1580
2867 3 1 974 1388 1353
2868 3 1 1102 1411 1603
2869 3 1 1113 1335 1447
2870 3 1 1062 1286 1518
2871 3 1 942 1313 1586
2872 3 1 844 1584 1363
2873 3 1 944 1233 1573
2874 3 1 943 1260 1529
2875 3 1 946 1560 1290
2876 3 1 1049 1236 1618
2877 3 1 976 1627 1251
2878 3 1 937 1253 1546
2879 3 1 1035 1587 1552
2880 3 1 861 1291 1479
2881 3 1 883 1465 1299
2882 3 1 944 1573 1278
2883 3 1 899 1580 1421
2884 3 1 195 1585 1589
2885 3 1 874 1625 1229
2886 3 1 1018 1405 1360
2887 3 1 955 1284 1502
2888 3 1 1044 1586 1313
2889 3 1 1154 1589 1585
2890 3 1 975 1568 1380
2891 3 1 1005 1547 1463
2892 3 1 1067 1565 1332
2893 3 1 220 1510 1268
2894 3 1 932 1605 1460
2895 3 1 965 1426 1345
2896 3 1 945 1523 1259
2897 3 1 939 1298 1519
2898 3 1 1033 1295 1601
2899 3 1 221 1322 1510
2900 3 1 1059 1518 1286
2901 3 1 1117 1265 1568
2902 3 1 968 1348 1476
2903 3 1 1012 1355 1461
2904 3 1 999 1517 1481
2905 3 1 842 1263 1537
2906 3 1 981 1451 1407
2907 3 1 893 1277 1522
2908 3 1 966 1601 1295
2909 3 1 951 1452 1320
2910 3 1 991 1510 1322
2911 3 1 1072 1467 1342
2912 3 1 186 1395 1516
2913 3 1 898 1296 1495
2914 3 1 1102 1590 1341
2915 3 1 980 1576 1300
2916 3 1 938 1256 1565
2917 3 1 1144 1545 1294
2918 3 1 908 1626 1368
2919 3 1 1074 1481 1517
2920 3 1 1276 1612 1439
2921 3 1 1052 1590 1603
2922 3 1 932 1460 1431
2923 3 1 848 1557 1372
2924 3 1 858 1461 1355
2925 3 1 187 1500 1395
2926 3 1 194 1589 1301
2927 3 1 885 1486 1418
2928 3 1 1000 1592 1294
2929 3 1 1162 1511 1429
2930 3 1 1243 1471 1532
2931 3 1 962 1357 1504
2932 3 1 966 1331 1470
2933 3 1 883 1576 1509
2934 3 1 1078 1368 1626
2935 3 1 886 1380 1568
2936 3 1 895 1472 1562
2937 3 1 1073 1612 1276
2938 3 1 1026 1478 1596
2939 3 1 1083 1580 1473
2940 3 1 1054 1620 1507
2941 3 1 1095 1596 1478
2942 3 1 854 1604 1494
2943 3 1 984 1491 1479
2944 3 1 901 1349 1553
2945 3 1 1034 1476 1348
2946 3 1 1045 1374 1621
2947 3 1 1076 1460 1605
2948 3 1 1136 1408 1520
2949 3 1 988 1520 1408
2950 3 1 997 1625 1334
2951 3 1 1087 1418 1486
2952 3 1 985 1435 1574
2953 3 1 1095 1528 1596
2954 3 1 964 1403 1475
2955 3 1 1079 1377 1464
2956 3 1 1004 1429 1511
2957 3 1 1142 1479 1491
2958 3 1 1020 1504 1357
2959 3 1 1022 1501 1513
2960 3 1 1040 1583 1352
2961 3 1 1057 1431 1460
2962 3 1 852 1326 1558
2963 3 1 1111 1621 1449
2964 3 1 1053 1473 1580
2965 3 1 944 1308 1624
2966 3 1 1075 1475 1403
2967 3 1 1037 1553 1349
2968 3 1 1048 1582 1321
2969 3 1 946 1392 1560
2970 3 1 966 1470 1601
2971 3 1 1006 1566 1401
2972 3 1 161 1578 1317
2973 3 1 896 1449 1621
2974 3 1 1022 1513 1457
2975 3 1 887 1583 1324
2976 3 1 896 1621 1374
2977 3 1 175 1384 1617
2978 3 1 1019 1558 1326
2979 3 1 904 1596 1528
2980 3 1 887 1352 1583
2981 3 1 851 1315 1599
2982 3 1 1095 1496 1528
2983 3 1 1003 1304 1593
2984 3 1 196 1337 1585
2985 3 1 888 1353 1618
2986 3 1 1149 1601 1470
2987 3 1 965 1598 1330
2988 3 1 887 1357 1575
2989 3 1 1235 1607 1410
2990 3 1 1147 1586 1406
2991 3 1 1042 1352 1575
2992 3 1 918 1571 1348
2993 3 1 887 1575 1352
2994 3 1 1039 1438 1588
2995 3 1 1131 1556 1333
2996 3 1 1016 1358 1559
2997 3 1 1009 1395 1500
2998 3 1 1183 1396 1506
2999 3 1 1032 1358 1624
3000 3 1 867 1547 1367
3001 3 1 908 1368 1545
3002 3 1 1007 1528 1496
3003 3 1 1010 1506 1396
3004 3 1 912 1341 1590
3005 3 1 1116 1400 1581
3006 3 1 1018 1527 1541
3007 3 1 1009 1516 1395
3008 3 1 1034 1348 1571
3009 3 1 993 1411 1531
3010 3 1 996 1372 1557
3011 3 1 1049 1618 1353
3012 3 1 1044 1406 1586
3013 3 1 916 1506 1582
3014 3 1 1021 1362 1607
3015 3 1 97 1588 1438
3016 3 1 885 1371 1549
3017 3 1 846 1457 1513
3018 3 1 1043 1513 1501
3019 3 1 1078 1572 1368
3020 3 1 998 1579 1369
3021 3 1 1065 1541 1527
3022 3 1 841 1581 1400
3023 3 1 885 1549 1486
3024 3 1 208 1401 1566
3025 3 1 1027 1560 1392
3026 3 1 905 1389 1613
3027 3 1 975 1607 1362
3028 3 1 906 1569 1524
3029 3 1 996 1532 1471
3030 3 1 1027 1613 1389
3031 3 1 1068 1524 1569
3032 3 1 1047 1414 1604
3033 3 1 1046 1538 1562
3034 3 1 975 1410 1607
3035 3 1 895 1562 1538
3036 3 1 899 1439 1612
3037 3 1 1108 1509 1576
3038 3 1 1068 1569 1584
3039 3 1 1069 1584 1569
3040 3 1 905 1613 1600
3041 3 1 1160 1600 1613
