0 -100.0000 -50.0000 0 -1
1 160.0000 -50.0000 0 -1
2 160.0000 0.0000 -1 0
3 60.0000 0.0000 0 0
4 0.0000 0.0000 0 0
5 -100.0000 0.0000 -1 0
6 30.0000 100.0000 0 0
7 0.0000 100.0000 0 0
8 -95.0000 -50.0000 0 -1
9 -90.0000 -50.0000 0 -1
10 -85.0000 -50.0000 0 -1
11 -80.0000 -50.0000 0 -1
12 -75.0000 -50.0000 0 -1
13 -70.0000 -50.0000 0 -1
14 -65.0000 -50.0000 0 -1
15 -60.0000 -50.0000 0 -1
16 -55.0000 -50.0000 0 -1
17 -50.0000 -50.0000 0 -1
18 -45.0000 -50.0000 0 -1
19 -40.0000 -50.0000 0 -1
20 -35.0000 -50.0000 0 -1
21 -30.0000 -50.0000 0 -1
22 -25.0000 -50.0000 0 -1
23 -20.0000 -50.0000 0 -1
24 -15.0000 -50.0000 0 -1
25 -10.0000 -50.0000 0 -1
26 -5.0000 -50.0000 0 -1
27 -0.0000 -50.0000 0 -1
28 5.0000 -50.0000 0 -1
29 10.0000 -50.0000 0 -1
30 15.0000 -50.0000 0 -1
31 20.0000 -50.0000 0 -1
32 25.0000 -50.0000 0 -1
33 30.0000 -50.0000 0 -1
34 35.0000 -50.0000 0 -1
35 40.0000 -50.0000 0 -1
36 45.0000 -50.0000 0 -1
37 50.0000 -50.0000 0 -1
38 55.0000 -50.0000 0 -1
39 60.0000 -50.0000 0 -1
40 65.0000 -50.0000 0 -1
41 70.0000 -50.0000 0 -1
42 75.0000 -50.0000 0 -1
43 80.0000 -50.0000 0 -1
44 85.0000 -50.0000 0 -1
45 90.0000 -50.0000 0 -1
46 95.0000 -50.0000 0 -1
47 100.0000 -50.0000 0 -1
48 105.0000 -50.0000 0 -1
49 110.0000 -50.0000 0 -1
50 115.0000 -50.0000 0 -1
51 120.0000 -50.0000 0 -1
52 125.0000 -50.0000 0 -1
53 130.0000 -50.0000 0 -1
54 135.0000 -50.0000 0 -1
55 140.0000 -50.0000 0 -1
56 145.0000 -50.0000 0 -1
57 150.0000 -50.0000 0 -1
58 155.0000 -50.0000 0 -1
59 160.0000 -45.0000 -1 0
60 160.0000 -40.0000 -1 0
61 160.0000 -35.0000 -1 0
62 160.0000 -30.0000 -1 0
63 160.0000 -25.0000 -1 0
64 160.0000 -20.0000 -1 0
65 160.0000 -15.0000 -1 0
66 160.0000 -10.0000 -1 0
67 160.0000 -5.0000 -1 0
68 155.0000 0.0000 0 0
69 150.0000 0.0000 0 0
70 145.0000 0.0000 0 0
71 140.0000 0.0000 0 0
72 135.0000 0.0000 0 0
73 130.0000 0.0000 0 0
74 125.0000 0.0000 0 0
75 120.0000 0.0000 0 0
76 115.0000 0.0000 0 0
77 110.0000 0.0000 0 0
78 105.0000 0.0000 0 0
79 100.0000 0.0000 0 0
80 95.0000 0.0000 0 0
81 90.0000 0.0000 0 0
82 85.0000 0.0000 0 0
83 80.0000 0.0000 0 0
84 75.0000 0.0000 0 0
85 70.0000 0.0000 0 0
86 65.0000 0.0000 0 0
87 55.0000 0.0000 0 0
88 50.0000 0.0000 0 0
89 45.0000 0.0000 0 0
90 40.0000 0.0000 0 0
91 35.0000 0.0000 0 0
92 30.0000 0.0000 0 0
93 25.0000 0.0000 0 0
94 20.0000 0.0000 0 0
95 15.0000 0.0000 0 0
96 10.0000 0.0000 0 0
97 5.0000 0.0000 0 0
98 -5.0000 0.0000 0 0
99 -10.0000 0.0000 0 0
100 -15.0000 0.0000 0 0
101 -20.0000 0.0000 0 0
102 -25.0000 0.0000 0 0
103 -30.0000 0.0000 0 0
104 -35.0000 0.0000 0 0
105 -40.0000 0.0000 0 0
106 -45.0000 0.0000 0 0
107 -50.0000 0.0000 0 0
108 -55.0000 0.0000 0 0
109 -60.0000 0.0000 0 0
110 -65.0000 0.0000 0 0
111 -70.0000 0.0000 0 0
112 -75.0000 0.0000 0 0
113 -80.0000 0.0000 0 0
114 -85.0000 0.0000 0 0
115 -90.0000 0.0000 0 0
116 -95.0000 0.0000 0 0
117 -100.0000 -5.0000 -1 0
118 -100.0000 -10.0000 -1 0
119 -100.0000 -15.0000 -1 0
120 -100.0000 -20.0000 -1 0
121 -100.0000 -25.0000 -1 0
122 -100.0000 -30.0000 -1 0
123 -100.0000 -35.0000 -1 0
124 -100.0000 -40.0000 -1 0
125 -100.0000 -45.0000 -1 0
126 58.6031 4.6562 0 0
127 57.2550 9.1498 0 0
128 55.9540 13.4865 0 0
129 54.6985 17.6718 0 0
130 53.4867 21.7109 0 0
131 52.3173 25.6089 0 0
132 51.1887 29.3708 0 0
133 50.0996 33.0014 0 0
134 49.0485 36.5051 0 0
135 48.0340 39.8865 0 0
136 47.0550 43.1499 0 0
137 46.1102 46.2992 0 0
138 45.1984 49.3386 0 0
139 44.3185 52.2718 0 0
140 43.4692 55.1026 0 0
141 42.6496 57.8346 0 0
142 41.8587 60.4711 0 0
143 41.0953 63.0156 0 0
144 40.3586 65.4712 0 0
145 39.6477 67.8411 0 0
146 38.9616 70.1282 0 0
147 38.2994 72.3354 0 0
148 37.6603 74.4655 0 0
149 37.0436 76.5213 0 0
150 36.4484 78.5053 0 0
151 35.8740 80.4200 0 0
152 35.3197 82.2678 0 0
153 34.7847 84.0511 0 0
154 34.2684 85.7721 0 0
155 33.7701 87.4330 0 0
156 33.2892 89.0359 0 0
157 32.8251 90.5829 0 0
158 32.3773 92.0758 0 0
159 31.9450 93.5166 0 0
160 31.5279 94.9070 0 0
161 31.1253 96.2490 0 0
162 30.7368 97.5440 0 0
163 30.3619 98.7938 0 0
164 28.7500 100.0000 0 0
165 27.5000 100.0000 0 0
166 26.2500 100.0000 0 0
167 25.0000 100.0000 0 0
168 23.7500 100.0000 0 0
169 22.5000 100.0000 0 0
170 21.2500 100.0000 0 0
171 20.0000 100.0000 0 0
172 18.7500 100.0000 0 0
173 17.5000 100.0000 0 0
174 16.2500 100.0000 0 0
175 15.0000 100.0000 0 0
176 13.7500 100.0000 0 0
177 12.5000 100.0000 0 0
178 11.2500 100.0000 0 0
179 10.0000 100.0000 0 0
180 8.7500 100.0000 0 0
181 7.5000 100.0000 0 0
182 6.2500 100.0000 0 0
183 5.0000 100.0000 0 0
184 3.7500 100.0000 0 0
185 2.5000 100.0000 0 0
186 1.2500 100.0000 0 0
187 0.0000 98.7274 0 0
188 0.0000 97.4062 0 0
189 0.0000 96.0346 0 0
190 0.0000 94.6106 0 0
191 0.0000 93.1322 0 0
192 0.0000 91.5974 0 0
193 0.0000 90.0040 0 0
194 0.0000 88.3498 0 0
195 0.0000 86.6324 0 0
196 0.0000 84.8494 0 0
197 0.0000 82.9984 0 0
198 0.0000 81.0767 0 0
199 0.0000 79.0816 0 0
200 0.0000 77.0104 0 0
201 0.0000 74.8601 0 0
202 0.0000 72.6277 0 0
203 0.0000 70.3101 0 0
204 0.0000 67.9040 0 0
205 0.0000 65.4060 0 0
206 0.0000 62.8126 0 0
207 0.0000 60.1203 0 0
208 0.0000 57.3251 0 0
209 0.0000 54.4233 0 0
210 0.0000 51.4107 0 0
211 0.0000 48.2830 0 0
212 0.0000 45.0359 0 0
213 0.0000 41.6649 0 0
214 0.0000 38.1652 0 0
215 0.0000 34.5318 0 0
216 0.0000 30.7598 0 0
217 0.0000 26.8437 0 0
218 0.0000 22.7781 0 0
219 0.0000 18.5573 0 0
220 0.0000 14.1754 0 0
221 0.0000 9.6261 0 0
222 0.0000 4.9032 0 0
223 37.5000 -25.0000 0 0
224 -17.4925 -25.0217 0 0
225 132.8307 -25.3045 0 0
226 102.3349 -25.1745 0 0
227 -47.5000 -25.0000 0 0
228 67.5000 -25.0000 0 0
229 11.8625 -25.1227 0 0
230 -72.5433 -24.9027 0 0
231 84.5610 -31.0103 0 0
232 117.5000 -16.8750 0 0
233 -31.9452 -17.1399 0 0
234 52.0362 -33.3059 0 0
235 -2.5568 -16.8466 0 0
236 -3.0208 -33.5520 0 0
237 118.2858 -33.5492 0 0
238 -31.5494 -33.6274 0 0
239 51.7276 -16.2335 0 0
240 89.3010 -15.9745 0 0
241 25.0839 -34.4684 0 0
242 24.4412 -15.4598 0 0
243 -60.0568 -15.6534 0 0
244 -60.0568 -34.3466 0 0
245 144.5833 -34.5833 0 0
246 144.5833 -15.4167 0 0
247 -84.7217 -15.4817 0 0
248 -84.6199 -34.6199 0 0
249 75.6713 -14.1369 0 0
250 96.5128 -36.7112 0 0
251 73.0548 -36.9586 0 0
252 129.1187 -11.8280 0 0
253 -19.9731 -13.2583 0 0
254 105.8264 -13.0032 0 0
255 39.4814 -37.6333 0 0
256 -44.4741 -12.6776 0 0
257 9.7189 -12.3631 0 0
258 -15.0849 -36.9263 0 0
259 40.0893 -12.5098 0 0
260 129.5890 -37.3339 0 0
261 -44.5890 -37.3339 0 0
262 10.2162 -37.6236 0 0
263 -72.4856 -11.3621 0 0
264 -72.6567 -37.3135 0 0
265 64.3388 -12.3737 0 0
266 61.9702 -38.7476 0 0
267 108.3486 -39.2499 0 0
268 -89.3455 -24.5727 0 0
269 149.1582 -24.9961 0 0
270 76.7000 -23.1177 0 0
271 -10.5038 -10.2902 0 0
272 -24.4732 -39.8182 0 0
273 93.4082 -24.7894 0 0
274 122.4244 -24.9025 0 0
275 -27.4415 -25.1368 0 0
276 47.4094 -24.9525 0 0
277 57.4086 -24.7137 0 0
278 -37.4067 -24.9465 0 0
279 112.5164 -25.0981 0 0
280 -7.2250 -25.3375 0 0
281 2.3432 -24.9127 0 0
282 27.7431 -25.0000 0 0
283 -57.2569 -25.0000 0 0
284 82.0145 -40.5572 0 0
285 97.5049 -9.0008 0 0
286 -52.8084 -9.0250 0 0
287 31.7905 -40.7781 0 0
288 18.1351 -9.1961 0 0
289 32.5319 -9.5065 0 0
290 -52.7052 -41.0766 0 0
291 18.4627 -40.4878 0 0
292 138.0137 -8.6234 0 0
293 137.9316 -41.4983 0 0
294 83.9358 -8.7873 0 0
295 150.7609 -41.7272 0 0
296 151.8623 -8.2951 0 0
297 -91.7718 -9.0408 0 0
298 -91.7718 -40.9592 0 0
299 121.0038 -8.7583 0 0
300 -28.5398 -8.7332 0 0
301 48.0458 -42.5338 0 0
302 1.2388 -8.4074 0 0
303 -6.7661 -41.4601 0 0
304 121.7725 -41.5250 0 0
305 48.2629 -8.4334 0 0
306 -36.7248 -41.5117 0 0
307 1.9548 -41.8004 0 0
308 140.9065 -26.8099 0 0
309 -81.5985 -24.1244 0 0
310 112.7297 -7.6624 0 0
311 -37.2285 -7.6480 0 0
312 15.7365 -33.0527 0 0
313 98.9521 -18.0292 0 0
314 -50.7913 -32.0997 0 0
315 33.4524 -17.8808 0 0
316 16.3540 -17.6328 0 0
317 -64.5104 -41.6191 0 0
318 -64.7555 -8.5300 0 0
319 34.0990 -32.0424 0 0
320 -50.8180 -17.8393 0 0
321 135.5792 -17.6934 0 0
322 -80.3912 -41.2511 0 0
323 -80.1597 -8.4702 0 0
324 -12.4780 -17.9590 0 0
325 -21.4464 -31.6671 0 0
326 90.4760 -41.4666 0 0
327 56.1383 -8.6730 0 0
328 -64.9568 -21.9778 0 0
329 -67.4769 -31.2071 0 0
330 152.2990 -32.4995 0 0
331 152.2813 -17.4189 0 0
332 -92.3050 -17.5005 0 0
333 -92.0184 -32.0883 0 0
334 -77.2312 -30.7542 0 0
335 61.4189 -30.9350 0 0
336 136.1149 -32.8919 0 0
337 70.0460 -7.8710 0 0
338 107.0066 -31.5294 0 0
339 85.3369 -23.1544 0 0
340 20.1518 -25.9278 0 0
341 69.5488 -17.7393 0 0
342 114.2884 -42.8569 0 0
343 68.4291 -42.7535 0 0
344 100.8367 -42.9594 0 0
345 77.7175 -31.4981 0 0
346 55.5226 -42.7327 0 0
347 124.8319 -17.8169 0 0
348 -22.6799 -19.8662 0 0
349 42.5272 -30.0732 0 0
350 110.3531 -18.2345 0 0
351 -40.1241 -18.6416 0 0
352 5.0381 -18.6774 0 0
353 4.3104 -32.5491 0 0
354 -39.4950 -32.3504 0 0
355 42.3695 -19.5918 0 0
356 127.7041 -30.3785 0 0
357 -12.4092 -30.2547 0 0
358 61.9205 -18.9719 0 0
359 25.3398 -7.4136 0 0
360 24.6060 -42.5884 0 0
361 81.8615 -16.3227 0 0
362 -16.3344 -6.5334 0 0
363 -78.0337 -16.3541 0 0
364 -18.6632 -43.5247 0 0
365 98.0174 -30.5358 0 0
366 89.1563 -7.4593 0 0
367 102.5974 -6.4494 0 0
368 144.4688 -6.8501 0 0
369 144.9132 -43.3753 0 0
370 76.0226 -43.1536 0 0
371 77.1875 -6.3229 0 0
372 -47.0558 -6.4350 0 0
373 37.9442 -43.5650 0 0
374 37.5624 -6.6568 0 0
375 -47.1696 -43.4279 0 0
376 91.4395 -32.1344 0 0
377 11.9862 -6.4393 0 0
378 12.0847 -43.5944 0 0
379 -30.4006 -43.2915 0 0
380 67.9637 -32.2783 0 0
381 127.3498 -6.3975 0 0
382 132.6954 -43.1458 0 0
383 -4.7218 -6.5858 0 0
384 -66.6717 -15.6249 0 0
385 -72.4446 -45.0662 0 0
386 -72.5000 -5.9431 0 0
387 -59.3370 -6.1940 0 0
388 -23.7966 -5.9827 0 0
389 103.9026 -18.8117 0 0
390 -8.6083 -35.2172 0 0
391 123.6112 -35.2208 0 0
392 46.3888 -14.7792 0 0
393 -59.3521 -43.8321 0 0
394 46.7199 -35.1414 0 0
395 -27.9613 -13.9900 0 0
396 62.7123 -4.3361 0 0
397 -45.6864 -30.9590 0 0
398 -11.3189 -44.1364 0 0
399 -84.3009 -29.4490 0 0
400 144.9459 -20.9275 0 0
401 -85.3253 -43.8345 0 0
402 -85.3152 -6.1534 0 0
403 11.8521 -30.3651 0 0
404 -45.0120 -18.4858 0 0
405 10.6754 -19.5513 0 0
406 -71.7871 -19.4068 0 0
407 103.0823 -35.2794 0 0
408 56.5023 -13.4448 0 0
409 129.4351 -19.1630 0 0
410 -62.0316 -28.9065 0 0
411 95.2730 -44.5041 0 0
412 86.7169 -37.4399 0 0
413 44.1508 -44.3560 0 0
414 111.6846 -34.4507 0 0
415 6.0009 -5.7059 0 0
416 73.0819 -27.0065 0 0
417 62.5367 -46.1463 0 0
418 58.0596 -34.8974 0 0
419 52.2813 -27.4647 0 0
420 -32.0611 -22.5016 0 0
421 117.5000 -22.6559 0 0
422 -94.6507 -22.8100 0 0
423 133.5927 -5.4056 0 0
424 154.6769 -27.4105 0 0
425 -2.8067 -22.5122 0 0
426 106.6191 -44.6821 0 0
427 42.6160 -5.0115 0 0
428 -42.3610 -45.6001 0 0
429 74.1906 -18.9960 0 0
430 67.7729 -37.2810 0 0
431 24.2347 -20.7967 0 0
432 127.5088 -44.9280 0 0
433 107.7173 -4.3239 0 0
434 -27.0230 -34.8062 0 0
435 -2.4694 -44.9301 0 0
436 7.4743 -44.9892 0 0
437 -7.8031 -14.9163 0 0
438 117.1789 -4.7023 0 0
439 -32.7398 -4.6993 0 0
440 -15.9608 -13.6022 0 0
441 -42.2201 -4.3182 0 0
442 145.8275 -29.2386 0 0
443 -85.8461 -20.8487 0 0
444 -3.0237 -28.0633 0 0
445 155.0733 -12.8100 0 0
446 155.0086 -37.0195 0 0
447 -95.0251 -37.2869 0 0
448 -95.0251 -12.7131 0 0
449 117.9849 -28.0069 0 0
450 -31.8952 -27.5917 0 0
451 52.0022 -21.9624 0 0
452 -19.6226 -36.8406 0 0
453 86.0866 -44.7309 0 0
454 -64.9261 -36.3860 0 0
455 107.2329 -22.6376 0 0
456 24.3255 -28.8412 0 0
457 113.3882 -13.3887 0 0
458 -36.5995 -13.4664 0 0
459 52.4669 -5.1587 0 0
460 81.8047 -34.7352 0 0
461 137.3764 -22.7784 0 0
462 99.2581 -13.3573 0 0
463 -77.2961 -35.8552 0 0
464 -11.7527 -5.8231 0 0
465 -52.3785 -27.1226 0 0
466 32.7853 -22.7363 0 0
467 -27.3088 -19.6995 0 0
468 47.5917 -30.1968 0 0
469 -56.1835 -19.1182 0 0
470 -56.4701 -30.4383 0 0
471 82.1485 -26.6891 0 0
472 -23.2746 -44.1989 0 0
473 154.9115 -44.6105 0 0
474 154.7260 -5.2740 0 0
475 -3.1371 -11.7996 0 0
476 -94.7389 -5.2611 0 0
477 -94.7389 -44.7389 0 0
478 57.3989 -19.0431 0 0
479 97.8166 -22.8268 0 0
480 93.8570 -19.7192 0 0
481 154.4838 -21.8149 0 0
482 -42.7097 -22.9137 0 0
483 -95.8122 -28.3465 0 0
484 7.2269 -23.1459 0 0
485 53.8074 -38.2437 0 0
486 -18.6569 -17.8735 0 0
487 127.8938 -23.6456 0 0
488 94.9005 -14.3361 0 0
489 35.0842 -36.8823 0 0
490 -49.5763 -13.1829 0 0
491 28.7320 -19.2957 0 0
492 -12.4078 -23.5045 0 0
493 1.7576 -36.4131 0 0
494 -22.4875 -26.6505 0 0
495 15.1111 -12.9685 0 0
496 124.3444 -13.0495 0 0
497 88.4989 -27.8917 0 0
498 98.4644 -3.6905 0 0
499 1.7642 -14.1759 0 0
500 35.2862 -12.8848 0 0
501 -49.6082 -36.8291 0 0
502 19.4988 -13.9082 0 0
503 15.1893 -37.0943 0 0
504 30.2685 -35.7597 0 0
505 -55.2667 -13.5906 0 0
506 19.9447 -35.9808 0 0
507 30.0899 -14.4009 0 0
508 -55.2993 -36.3615 0 0
509 -32.5227 -38.6445 0 0
510 57.2959 -29.5620 0 0
511 52.6237 -11.3789 0 0
512 -72.3856 -32.5276 0 0
513 134.5513 -12.7800 0 0
514 139.5127 -13.9888 0 0
515 -8.1763 -30.5742 0 0
516 -7.5462 -20.1794 0 0
517 46.9167 -19.4926 0 0
518 123.2753 -30.5263 0 0
519 116.9969 -39.0258 0 0
520 62.5707 -26.0551 0 0
521 -16.2938 -32.2308 0 0
522 -39.5618 -37.1881 0 0
523 -67.5829 -45.5454 0 0
524 -67.4199 -4.6308 0 0
525 114.0908 -29.8851 0 0
526 38.7848 -33.2764 0 0
527 68.7567 -12.4485 0 0
528 132.4192 -29.4918 0 0
529 51.3170 -44.9844 0 0
530 -51.4253 -3.6290 0 0
531 33.6222 -45.4536 0 0
532 118.4853 -44.3938 0 0
533 -76.7405 -20.8245 0 0
534 32.5623 -4.3080 0 0
535 -51.4282 -46.3678 0 0
536 149.2222 -13.6472 0 0
537 149.3778 -36.2132 0 0
538 -67.1306 -26.1356 0 0
539 -88.9579 -36.8763 0 0
540 -89.0536 -13.1562 0 0
541 16.3410 -4.5378 0 0
542 16.9923 -45.0840 0 0
543 -77.1051 -26.2789 0 0
544 29.1651 -30.6175 0 0
545 42.4152 -25.3724 0 0
546 87.7775 -11.0925 0 0
547 140.1351 -36.6626 0 0
548 38.6301 -17.4417 0 0
549 -2.4580 -39.3276 0 0
550 102.1711 -29.9817 0 0
551 80.6342 -45.5012 0 0
552 81.4771 -4.3549 0 0
553 -77.3874 -4.4624 0 0
554 -77.1160 -45.6125 0 0
555 -60.1905 -38.8495 0 0
556 134.0333 -38.0843 0 0
557 -60.4702 -10.8148 0 0
558 136.8771 -46.2033 0 0
559 119.0236 -12.7429 0 0
560 -31.7054 -12.3846 0 0
561 67.8504 -4.1527 0 0
562 147.7027 -4.4670 0 0
563 77.6578 -38.4513 0 0
564 148.7579 -45.6026 0 0
565 -28.0152 -3.8830 0 0
566 122.6268 -4.8594 0 0
567 -26.4603 -30.6847 0 0
568 16.0133 -22.7890 0 0
569 -42.6069 -28.4950 0 0
570 -52.1692 -22.5783 0 0
571 33.4707 -27.5931 0 0
572 140.7532 -31.4218 0 0
573 140.2928 -4.6592 0 0
574 -84.4967 -39.0903 0 0
575 -84.6060 -10.9936 0 0
576 6.7612 -28.4562 0 0
577 -7.1109 -46.1053 0 0
578 91.9339 -36.4000 0 0
579 -76.9261 -12.2922 0 0
580 -88.5707 -29.2561 0 0
581 -1.0918 -3.6785 0 0
582 79.6980 -12.5455 0 0
583 149.7367 -20.4159 0 0
584 -34.1555 -46.0151 0 0
585 -63.3025 -3.8710 0 0
586 -63.2891 -46.1993 0 0
587 16.0850 -28.1835 0 0
588 72.2946 -45.7805 0 0
589 140.4927 -19.0013 0 0
590 81.3517 -20.8102 0 0
591 73.1282 -4.3410 0 0
592 -89.8370 -45.4315 0 0
593 -89.8370 -4.5685 0 0
594 136.5651 -27.7465 0 0
595 2.3920 -46.3440 0 0
596 -69.5334 -40.2512 0 0
597 -69.0950 -8.6108 0 0
598 112.5252 -3.3377 0 0
599 44.4667 -38.9226 0 0
600 47.6692 -3.7207 0 0
601 5.6498 -10.3292 0 0
602 70.9243 -22.9473 0 0
603 -37.4377 -3.3331 0 0
604 -23.8557 -11.0909 0 0
605 125.8765 -39.4305 0 0
606 44.1104 -10.3680 0 0
607 57.7926 -4.5978 0 0
608 -10.7454 -38.7202 0 0
609 65.4720 -21.3427 0 0
610 -60.6927 -20.4019 0 0
611 -81.5725 -3.8172 0 0
612 -81.5665 -46.1396 0 0
613 22.8853 -39.2975 0 0
614 6.2038 -40.0856 0 0
615 142.7383 -10.9347 0 0
616 27.2126 -3.8763 0 0
617 26.0957 -11.3777 0 0
618 -75.0665 -40.8572 0 0
619 -81.6494 -18.6956 0 0
620 145.5979 -38.8889 0 0
621 72.7770 -31.9279 0 0
622 91.6479 -45.9045 0 0
623 -36.1779 -29.3461 0 0
624 21.9001 -46.0206 0 0
625 27.8986 -45.2578 0 0
626 -42.2195 -9.8550 0 0
627 1.1866 -29.3267 0 0
628 107.7181 -9.9146 0 0
629 22.0255 -5.0265 0 0
630 86.8446 -3.9418 0 0
631 92.7606 -4.9246 0 0
632 111.6781 -45.9974 0 0
633 20.5506 -31.4519 0 0
634 105.7456 -27.5288 0 0
635 121.1323 -19.9199 0 0
636 114.3167 -19.7654 0 0
637 -35.8217 -19.7623 0 0
638 -68.9596 -22.2797 0 0
639 74.5259 -10.1471 0 0
640 1.1136 -19.7928 0 0
641 -27.0535 -46.0647 0 0
642 65.6904 -8.4335 0 0
643 78.2029 -17.5552 0 0
644 58.4292 -46.0362 0 0
645 47.7027 -46.3748 0 0
646 36.3850 -20.8951 0 0
647 65.2367 -16.3683 0 0
648 156.4508 -32.4185 0 0
649 156.4299 -17.4348 0 0
650 57.8154 -39.0352 0 0
651 -96.4925 -17.5534 0 0
652 -96.5711 -32.5444 0 0
653 112.3483 -39.6056 0 0
654 85.2525 -18.6113 0 0
655 -80.8917 -32.5927 0 0
656 122.5933 -46.4001 0 0
657 -61.7857 -24.5005 0 0
658 -8.0054 -3.8859 0 0
659 20.9028 -17.8759 0 0
660 131.5088 -33.8482 0 0
661 92.2357 -10.4021 0 0
662 63.7798 -34.1984 0 0
663 60.6512 -9.5990 0 0
664 72.2111 -41.0287 0 0
665 141.6409 -46.1830 0 0
666 94.3257 -29.1950 0 0
667 149.9832 -29.1863 0 0
668 65.4510 -29.4040 0 0
669 -90.0401 -20.7732 0 0
670 27.4213 -39.7500 0 0
671 132.0927 -9.1180 0 0
672 22.2642 -10.2227 0 0
673 89.5235 -22.5447 0 0
674 -80.9935 -13.4309 0 0
675 -69.3958 -35.5371 0 0
676 102.5000 -46.7479 0 0
677 67.3315 -46.3973 0 0
678 -63.9343 -13.3953 0 0
679 -35.7557 -35.9044 0 0
680 -75.8918 -8.5060 0 0
681 -73.9222 -28.6752 0 0
682 100.0238 -38.3552 0 0
683 -42.9452 -40.8256 0 0
684 -18.7873 -28.7179 0 0
685 38.5768 -28.8669 0 0
686 7.4526 -15.1043 0 0
687 5.8851 -36.0028 0 0
688 108.8506 -14.3148 0 0
689 -42.0495 -14.6380 0 0
690 121.3664 -16.0808 0 0
691 -28.4393 -38.6793 0 0
692 -63.6097 -32.6180 0 0
693 -20.0223 -4.1492 0 0
694 99.2094 -34.0126 0 0
695 106.8698 -35.4498 0 0
696 148.4142 -32.3442 0 0
697 -85.6437 -25.1601 0 0
698 -88.2615 -17.4937 0 0
699 -15.9850 -40.9474 0 0
700 146.9854 -9.8459 0 0
701 -15.6691 -46.1020 0 0
702 -96.1929 -41.0633 0 0
703 -96.1929 -8.9367 0 0
704 -19.1702 -9.1992 0 0
705 156.1926 -8.9431 0 0
706 156.1926 -41.0569 0 0
707 142.0437 -41.3216 0 0
708 144.6178 -25.4900 0 0
709 84.4956 -13.5953 0 0
710 2.7346 -3.4574 0 0
711 72.2003 -14.7669 0 0
712 -37.7914 -46.6024 0 0
713 -16.0036 -21.4647 0 0
714 100.9845 -21.4034 0 0
715 109.8447 -28.4232 0 0
716 95.2398 -33.1648 0 0
717 127.9368 -15.4989 0 0
718 -48.8110 -28.6545 0 0
719 -23.4060 -15.9631 0 0
720 42.7836 -34.1695 0 0
721 -47.6418 -21.3634 0 0
722 95.4208 -40.1726 0 0
723 131.7901 -15.5733 0 0
724 23.7284 -24.8493 0 0
725 -43.1353 -33.5590 0 0
726 86.3581 -40.9924 0 0
727 125.2282 -9.2983 0 0
728 42.6702 -15.7869 0 0
729 127.3298 -34.2131 0 0
730 -12.3274 -34.2119 0 0
731 -6.6590 -10.0942 0 0
732 132.9601 -21.6255 0 0
733 -20.3068 -22.2785 0 0
734 102.6384 -10.9187 0 0
735 136.9786 -3.6184 0 0
736 64.7577 -41.6812 0 0
737 60.8865 -22.4171 0 0
738 104.2002 -39.8682 0 0
739 98.7030 -46.5232 0 0
740 76.8492 -27.8137 0 0
741 129.2869 -27.2467 0 0
742 -74.1265 -15.7606 0 0
743 12.3081 -34.3815 0 0
744 59.9895 -42.4010 0 0
745 76.4603 -34.8572 0 0
746 -81.5391 -36.6819 0 0
747 -14.6684 -27.8521 0 0
748 -14.2485 -9.7775 0 0
749 110.5897 -42.4687 0 0
750 11.8624 -15.5240 0 0
751 -56.1944 -46.4301 0 0
752 -47.0339 -34.4729 0 0
753 -56.1873 -3.5669 0 0
754 -56.9535 -9.5004 0 0
755 81.1575 -30.4726 0 0
756 9.4239 -3.7037 0 0
757 40.5932 -46.2140 0 0
758 40.6356 -41.2843 0 0
759 -46.9170 -15.5157 0 0
760 76.8995 -46.7790 0 0
761 9.3287 -8.5810 0 0
762 77.5000 -2.7642 0 0
763 -56.9982 -40.5518 0 0
764 -20.5934 -40.7307 0 0
765 98.3349 -26.9475 0 0
766 -70.3939 -15.5402 0 0
767 -47.5000 -2.7472 0 0
768 132.4402 -46.9701 0 0
769 -11.5748 -13.7476 0 0
770 102.5000 -2.7409 0 0
771 -47.2268 -10.2351 0 0
772 35.4988 -40.7772 0 0
773 37.7348 -10.1084 0 0
774 -47.4034 -39.8986 0 0
775 12.4506 -47.1315 0 0
776 37.5246 -2.9661 0 0
777 -47.2798 -47.1344 0 0
778 14.1798 -9.1511 0 0
779 124.4667 -21.6496 0 0
780 49.5282 -38.3170 0 0
781 -24.3965 -22.7766 0 0
782 14.1537 -40.8235 0 0
783 -26.6893 -42.5313 0 0
784 -39.0548 -21.6401 0 0
785 -23.3792 -35.3135 0 0
786 4.0750 -21.7949 0 0
787 61.0081 -14.9668 0 0
788 87.7907 -33.4486 0 0
789 -70.5222 -28.7989 0 0
790 49.0651 -12.2701 0 0
791 111.0331 -21.6101 0 0
792 116.6232 -9.2059 0 0
793 -33.4206 -8.9979 0 0
794 130.1735 -3.6582 0 0
795 -10.7127 -27.4146 0 0
796 143.5098 -3.2953 0 0
797 19.9852 -21.5821 0 0
798 125.9654 -27.3608 0 0
799 -80.2255 -28.6398 0 0
800 120.9884 -37.7467 0 0
801 -87.8819 -41.0934 0 0
802 -87.9098 -8.9215 0 0
803 -14.9231 -3.6287 0 0
804 45.0265 -27.6866 0 0
805 40.1579 -22.5425 0 0
806 44.3711 -22.4355 0 0
807 -67.8893 -12.1772 0 0
808 -63.8984 -17.7350 0 0
809 -8.3925 -7.2458 0 0
810 141.6678 -23.0014 0 0
811 28.5019 -7.5727 0 0
812 12.7472 -2.9510 0 0
813 -20.0339 -46.3992 0 0
814 21.2729 -42.5389 0 0
815 54.4464 -46.5836 0 0
816 129.4824 -40.9196 0 0
817 37.3109 -47.0412 0 0
818 115.4077 -46.4819 0 0
819 1.0584 -32.9602 0 0
820 151.9592 -2.9988 0 0
821 151.9815 -47.0211 0 0
822 9.8074 -41.0445 0 0
823 -67.7779 -18.7607 0 0
824 147.9877 -17.2503 0 0
825 102.9241 -15.1922 0 0
826 40.7343 -8.5155 0 0
827 -87.6936 -32.4579 0 0
828 157.2395 -47.2395 0 0
829 157.2395 -2.7605 0 0
830 69.5101 -27.9926 0 0
831 -97.2512 -2.7488 0 0
832 -97.2512 -47.2512 0 0
833 79.8716 -8.6680 0 0
834 51.6442 -41.3623 0 0
835 106.9672 -17.0329 0 0
836 8.5555 -33.2297 0 0
837 -91.9456 -27.4908 0 0
838 -6.2039 -37.8102 0 0
839 18.1250 84.0491 0 0
840 20.1207 64.3004 0 0
841 22.8842 41.6921 0 0
842 9.3750 90.6252 0 0
843 23.2420 91.6071 0 0
844 12.6705 73.9174 0 0
845 31.8488 21.4948 0 0
846 25.3766 76.7095 0 0
847 15.8572 93.0922 0 0
848 29.6511 54.9750 0 0
849 8.4748 81.9826 0 0
850 14.4826 51.3928 0 0
851 26.6159 84.2882 0 0
852 29.2785 67.0220 0 0
853 16.1570 26.6933 0 0
854 10.2340 63.7254 0 0
855 5.6250 94.5834 0 0
856 35.8143 35.0971 0 0
857 12.1419 40.4683 0 0
858 18.5356 76.6603 0 0
859 26.4019 95.0961 0 0
860 10.4770 95.2261 0 0
861 20.5617 95.2740 0 0
862 34.6791 45.7562 0 0
863 14.1876 87.9194 0 0
864 27.8868 89.8463 0 0
865 5.5362 86.6459 0 0
866 20.1770 13.6487 0 0
867 21.8965 71.2107 0 0
868 6.1597 76.2133 0 0
869 18.7660 89.6681 0 0
870 21.2662 55.8221 0 0
871 42.0732 13.4246 0 0
872 31.4608 73.7261 0 0
873 13.9008 80.1208 0 0
874 30.1622 79.9483 0 0
875 22.3233 86.6781 0 0
876 22.2602 81.3573 0 0
877 6.7954 69.7132 0 0
878 25.5919 30.7843 0 0
879 7.6177 56.6393 0 0
880 34.6586 61.5454 0 0
881 41.4008 25.4247 0 0
882 4.1221 90.6839 0 0
883 15.0281 59.0997 0 0
884 15.4921 68.9758 0 0
885 17.1870 96.7724 0 0
886 25.1496 48.8897 0 0
887 26.0526 61.2653 0 0
888 10.0700 86.2288 0 0
889 10.5029 18.2983 0 0
890 3.4545 96.8912 0 0
891 7.8909 46.8156 0 0
892 36.5193 52.1505 0 0
893 13.6812 96.5704 0 0
894 23.5400 96.7481 0 0
895 8.6146 31.1100 0 0
896 31.6175 10.6347 0 0
897 4.2864 82.5239 0 0
898 8.1382 96.9521 0 0
899 29.9431 86.5673 0 0
900 18.0689 34.8540 0 0
901 12.3249 92.4887 0 0
902 26.9639 71.4505 0 0
903 17.0869 44.8647 0 0
904 40.1313 40.3182 0 0
905 13.3613 83.9984 0 0
906 10.1874 78.2829 0 0
907 33.9729 69.3457 0 0
908 28.8801 93.3549 0 0
909 30.3702 39.7324 0 0
910 18.6728 92.7433 0 0
911 27.9944 97.6329 0 0
912 24.5809 65.6300 0 0
913 26.3458 80.4900 0 0
914 23.4751 23.1404 0 0
915 5.0583 61.7372 0 0
916 2.7063 94.2624 0 0
917 41.5571 33.4987 0 0
918 24.6070 88.8839 0 0
919 8.3287 93.3894 0 0
920 12.8584 9.4258 0 0
921 5.6150 97.4996 0 0
922 11.4083 69.5181 0 0
923 19.5482 97.5939 0 0
924 31.3196 83.2998 0 0
925 14.8816 64.0539 0 0
926 16.2523 73.3392 0 0
927 26.2142 92.3054 0 0
928 24.0226 93.8917 0 0
929 19.5200 50.4493 0 0
930 18.9479 80.4593 0 0
931 37.8023 57.4692 0 0
932 30.8215 49.7438 0 0
933 22.6537 74.7041 0 0
934 32.8172 77.4051 0 0
935 10.5707 97.8207 0 0
936 3.6323 79.0169 0 0
937 15.7209 90.4271 0 0
938 49.2225 9.2146 0 0
939 6.5967 89.4509 0 0
940 46.1135 19.7117 0 0
941 4.0897 72.8267 0 0
942 6.6502 24.6944 0 0
943 36.1152 65.5217 0 0
944 32.1075 28.3505 0 0
945 39.8677 48.3282 0 0
946 17.0040 86.9919 0 0
947 25.5007 97.5715 0 0
948 4.4564 65.8893 0 0
949 2.8751 88.1377 0 0
950 4.9489 51.8326 0 0
951 5.4778 41.0611 0 0
952 14.9985 76.7404 0 0
953 11.7904 89.4816 0 0
954 29.2931 76.5651 0 0
955 21.3872 89.1012 0 0
956 38.2598 19.1266 0 0
957 21.5812 97.8010 0 0
958 8.2917 73.2205 0 0
959 28.5141 44.5209 0 0
960 6.4476 92.0763 0 0
961 21.3581 93.0495 0 0
962 29.2836 62.8787 0 0
963 30.3734 89.2138 0 0
964 2.7780 85.1502 0 0
965 17.3968 19.9336 0 0
966 21.4360 78.2507 0 0
967 22.3307 60.6635 0 0
968 27.3746 87.2600 0 0
969 26.2554 16.8555 0 0
970 13.5327 94.3459 0 0
971 25.1663 7.6438 0 0
972 10.7026 59.9055 0 0
973 20.7914 83.9509 0 0
974 7.6397 84.7342 0 0
975 25.3770 53.2531 0 0
976 7.0436 79.3008 0 0
977 23.8531 83.8763 0 0
978 15.2758 97.9713 0 0
979 19.6941 86.8165 0 0
980 16.8792 54.8755 0 0
981 38.0479 7.0822 0 0
982 12.3073 55.5992 0 0
983 11.5013 81.7904 0 0
984 18.3037 94.9478 0 0
985 19.4596 67.8767 0 0
986 12.5074 46.8483 0 0
987 15.7274 82.4060 0 0
988 26.3982 36.5276 0 0
989 34.9035 72.9535 0 0
990 29.1380 95.6095 0 0
991 6.3166 12.4967 0 0
992 28.6415 82.3490 0 0
993 30.1661 70.6044 0 0
994 5.3702 35.6141 0 0
995 3.0890 69.4633 0 0
996 33.4544 57.4318 0 0
997 32.8777 80.4956 0 0
998 3.0190 75.7623 0 0
999 18.2928 39.9966 0 0
1000 30.1114 91.5202 0 0
1001 9.8610 51.5445 0 0
1002 8.7786 88.1921 0 0
1003 21.4350 46.5321 0 0
1004 45.5365 29.1214 0 0
1005 19.4476 73.1755 0 0
1006 3.5072 57.9248 0 0
1007 35.2417 40.1252 0 0
1008 12.8229 35.0460 0 0
1009 1.8000 98.2715 0 0
1010 2.3680 92.1398 0 0
1011 15.1707 95.4926 0 0
1012 16.5308 78.9401 0 0
1013 10.4208 93.1548 0 0
1014 30.2714 33.2572 0 0
1015 37.3154 61.8911 0 0
1016 38.4312 30.1242 0 0
1017 20.4008 29.9244 0 0
1018 12.6112 98.2639 0 0
1019 32.4360 65.0128 0 0
1020 29.2306 59.1328 0 0
1021 25.0726 57.4494 0 0
1022 24.4874 73.6634 0 0
1023 17.5660 98.0821 0 0
1024 14.2200 70.9070 0 0
1025 18.0420 61.1602 0 0
1026 42.4124 44.2057 0 0
1027 15.6896 84.9024 0 0
1028 7.4941 95.1576 0 0
1029 12.6083 86.3446 0 0
1030 8.7502 67.2831 0 0
1031 20.1360 91.0253 0 0
1032 35.9043 24.4609 0 0
1033 24.3291 78.3775 0 0
1034 25.0787 86.1584 0 0
1035 18.4251 6.4125 0 0
1036 49.6109 13.9982 0 0
1037 14.0948 90.5726 0 0
1038 39.8442 52.7281 0 0
1039 7.0290 5.8660 0 0
1040 22.7173 63.2843 0 0
1041 1.8720 95.4898 0 0
1042 27.5225 64.7577 0 0
1043 27.9584 74.5935 0 0
1044 12.3601 22.8687 0 0
1045 34.0141 17.4043 0 0
1046 4.6212 28.8017 0 0
1047 12.5254 66.3241 0 0
1048 4.4590 93.0463 0 0
1049 10.3159 83.9201 0 0
1050 23.2089 98.3309 0 0
1051 4.1247 98.2167 0 0
1052 24.6035 69.4991 0 0
1053 32.1189 85.3215 0 0
1054 43.9605 37.8661 0 0
1055 22.4851 95.3263 0 0
1056 27.4224 26.5409 0 0
1057 33.7041 53.2954 0 0
1058 5.4630 19.3526 0 0
1059 6.8620 98.2952 0 0
1060 2.0470 89.9070 0 0
1061 4.6786 96.0443 0 0
1062 9.3693 98.3298 0 0
1063 16.9617 91.8379 0 0
1064 4.1992 48.4098 0 0
1065 11.8937 96.4509 0 0
1066 27.8377 78.5503 0 0
1067 44.2211 5.2827 0 0
1068 12.2311 76.4840 0 0
1069 9.4921 75.2223 0 0
1070 14.5148 13.6541 0 0
1071 2.5979 81.0413 0 0
1072 34.5893 75.1537 0 0
1073 28.9249 84.6364 0 0
1074 21.6500 36.8476 0 0
1075 5.3645 84.3527 0 0
1076 35.2520 49.1042 0 0
1077 25.2755 90.2451 0 0
1078 27.8034 91.8051 0 0
1079 47.5432 24.4195 0 0
1080 36.6955 68.2815 0 0
1081 4.7974 89.0746 0 0
1082 16.9606 66.4822 0 0
1083 32.0696 87.7112 0 0
1084 14.0667 29.7018 0 0
1085 10.2532 42.8071 0 0
1086 25.0768 96.2566 0 0
1087 16.6375 94.6286 0 0
1088 16.3378 48.6503 0 0
1089 26.7510 93.7430 0 0
1090 27.0062 98.6374 0 0
1091 17.8805 70.3333 0 0
1092 25.4032 82.6379 0 0
1093 6.6475 64.1297 0 0
1094 53.2071 5.4864 0 0
1095 37.6019 44.2763 0 0
1096 6.4000 81.0679 0 0
1097 28.7706 98.4709 0 0
1098 12.4843 62.2056 0 0
1099 7.8988 91.4341 0 0
1100 2.2607 83.1683 0 0
1101 39.0251 36.2855 0 0
1102 27.4023 68.5745 0 0
1103 32.8071 5.3298 0 0
1104 22.8684 89.1603 0 0
1105 11.8903 93.9904 0 0
1106 8.9440 95.7211 0 0
1107 13.7701 98.4135 0 0
1108 19.4024 57.5463 0 0
1109 3.4174 54.2744 0 0
1110 7.5573 86.6700 0 0
1111 38.2300 11.1885 0 0
1112 10.3342 88.0792 0 0
1113 10.2177 80.4640 0 0
1114 22.3590 67.9315 0 0
1115 28.5040 52.2150 0 0
1116 25.2181 45.4508 0 0
1117 22.2271 52.7690 0 0
1118 9.9892 71.5801 0 0
1119 14.2692 93.1009 0 0
1120 3.6516 44.1607 0 0
1121 2.9466 63.4302 0 0
1122 17.1025 88.6769 0 0
1123 26.6002 96.5698 0 0
1124 9.2519 36.6724 0 0
1125 7.9066 59.4367 0 0
1126 28.8435 88.3950 0 0
1127 6.1196 96.0969 0 0
1128 40.6688 55.5809 0 0
1129 25.4401 93.7175 0 0
1130 33.3157 82.4043 0 0
1131 19.4612 82.5300 0 0
1132 15.0462 41.6647 0 0
1133 32.0900 43.6646 0 0
1134 10.7401 90.8475 0 0
1135 22.0152 18.4372 0 0
1136 27.3808 41.3587 0 0
1137 20.6490 98.7443 0 0
1138 32.6738 71.5894 0 0
1139 24.4501 92.6411 0 0
1140 12.0250 79.2627 0 0
1141 36.3407 70.7661 0 0
1142 19.9366 93.8324 0 0
1143 24.3914 98.8121 0 0
1144 30.5945 93.8850 0 0
1145 29.2947 96.8595 0 0
1146 34.2943 79.0737 0 0
1147 9.9878 27.5430 0 0
1148 15.3428 37.5352 0 0
1149 23.6522 76.5709 0 0
1150 8.1581 77.2836 0 0
1151 26.6773 11.6332 0 0
1152 18.3993 96.3797 0 0
1153 14.6446 74.5688 0 0
1154 2.2678 86.6141 0 0
1155 31.6608 68.3236 0 0
1156 16.6774 75.4255 0 0
1157 20.7021 96.7069 0 0
1158 6.0927 73.9168 0 0
1159 42.0156 21.2691 0 0
1160 14.2844 86.0852 0 0
1161 20.3157 42.1337 0 0
1162 47.0662 34.1944 0 0
1163 29.0050 72.5422 0 0
1164 3.1965 95.6007 0 0
1165 19.9610 25.8806 0 0
1166 23.2035 33.3076 0 0
1167 2.0023 73.7439 0 0
1168 28.0383 94.4364 0 0
1169 19.5131 85.0514 0 0
1170 13.7142 82.0597 0 0
1171 43.8406 40.8672 0 0
1172 33.2708 37.8557 0 0
1173 6.9279 93.7730 0 0
1174 10.0722 48.3822 0 0
1175 31.5886 46.4897 0 0
1176 20.8617 79.9012 0 0
1177 1.3038 96.9059 0 0
1178 26.2828 89.5259 0 0
1179 30.9916 78.1923 0 0
1180 2.1409 71.2863 0 0
1181 16.5922 98.7998 0 0
1182 17.4249 82.0078 0 0
1183 1.2368 94.0842 0 0
1184 18.5848 91.2760 0 0
1185 22.8962 92.8398 0 0
1186 5.5971 98.9080 0 0
1187 42.0707 50.5089 0 0
1188 24.3037 81.0290 0 0
1189 17.0082 51.9372 0 0
1190 19.6878 78.4146 0 0
1191 2.8725 59.9332 0 0
1192 17.8493 63.6357 0 0
1193 35.4524 55.4503 0 0
1194 1.8828 77.7756 0 0
1195 39.1780 59.9604 0 0
1196 20.1997 75.0860 0 0
1197 4.4684 80.6146 0 0
1198 2.9079 32.2672 0 0
1199 5.6215 90.6560 0 0
1200 27.4078 21.3210 0 0
1201 23.8097 95.2237 0 0
1202 2.3188 67.2563 0 0
1203 22.0987 65.5329 0 0
1204 13.4125 77.9599 0 0
1205 15.0430 91.7997 0 0
1206 27.9992 48.3566 0 0
1207 21.7939 90.5491 0 0
1208 13.3971 68.1953 0 0
1209 32.1796 59.7446 0 0
1210 23.3044 27.8199 0 0
1211 12.4315 87.9621 0 0
1212 9.5342 94.2988 0 0
1213 16.8588 31.1989 0 0
1214 31.1987 76.0116 0 0
1215 19.3993 53.5924 0 0
1216 6.5548 67.0715 0 0
1217 23.3986 87.6633 0 0
1218 50.3981 18.3500 0 0
1219 18.7455 98.6365 0 0
1220 17.4954 93.4628 0 0
1221 9.2747 97.2150 0 0
1222 3.7159 38.4483 0 0
1223 9.2129 69.5435 0 0
1224 22.1092 96.6373 0 0
1225 9.2576 92.2281 0 0
1226 12.8496 95.5415 0 0
1227 3.0048 98.9151 0 0
1228 22.9100 72.8886 0 0
1229 31.4520 81.3144 0 0
1230 18.3958 87.9457 0 0
1231 8.3926 62.0252 0 0
1232 48.2121 4.5572 0 0
1233 34.9835 31.3290 0 0
1234 3.7567 86.5917 0 0
1235 27.5168 57.0078 0 0
1236 11.8633 84.8749 0 0
1237 10.4067 99.0884 0 0
1238 15.5119 61.3583 0 0
1239 12.0831 4.3072 0 0
1240 42.1206 29.2449 0 0
1241 33.7690 66.6825 0 0
1242 27.6865 4.2793 0 0
1243 36.4388 59.6127 0 0
1244 2.9291 25.4949 0 0
1245 28.2642 80.5467 0 0
1246 42.8946 46.9209 0 0
1247 6.2423 71.9822 0 0
1248 21.4745 94.4074 0 0
1249 30.9998 90.3827 0 0
1250 42.4295 17.4485 0 0
1251 5.4166 78.0186 0 0
1252 19.9580 88.4853 0 0
1253 14.6056 89.4331 0 0
1254 17.1024 10.8045 0 0
1255 4.2358 94.2944 0 0
1256 46.2015 12.2166 0 0
1257 38.3629 63.9870 0 0
1258 7.3463 53.5448 0 0
1259 37.6998 49.4377 0 0
1260 34.2861 63.8367 0 0
1261 29.4048 90.1612 0 0
1262 29.5914 36.4997 0 0
1263 7.8802 90.0612 0 0
1264 15.7386 80.5959 0 0
1265 22.2617 49.4565 0 0
1266 53.0206 11.0299 0 0
1267 22.1292 98.8262 0 0
1268 3.6832 15.4341 0 0
1269 6.7294 83.3317 0 0
1270 10.6660 13.8081 0 0
1271 15.9713 87.8101 0 0
1272 16.0312 71.4097 0 0
1273 2.2792 50.0853 0 0
1274 26.0981 78.4634 0 0
1275 10.3595 89.5980 0 0
1276 27.8323 85.5692 0 0
1277 14.7774 96.6812 0 0
1278 29.1219 30.6027 0 0
1279 34.9131 76.7748 0 0
1280 22.3410 84.8813 0 0
1281 33.1614 84.1698 0 0
1282 22.1254 3.9207 0 0
1283 26.7281 90.9043 0 0
1284 21.1780 87.5538 0 0
1285 7.6389 75.1713 0 0
1286 8.1250 99.0084 0 0
1287 25.7941 98.7666 0 0
1288 22.4504 83.0961 0 0
1289 10.2167 57.2563 0 0
1290 18.2584 86.0667 0 0
1291 19.5416 95.9828 0 0
1292 14.5494 66.3456 0 0
1293 17.1518 90.1687 0 0
1294 31.0072 92.5712 0 0
1295 23.0604 79.5099 0 0
1296 6.9276 97.1442 0 0
1297 30.3229 85.0601 0 0
1298 6.2975 87.9371 0 0
1299 12.6956 58.1022 0 0
1300 14.6610 56.4824 0 0
1301 1.1749 88.7609 0 0
1302 29.7016 74.6061 0 0
1303 7.1019 49.4915 0 0
1304 18.9813 47.5500 0 0
1305 27.8605 96.0358 0 0
1306 7.3474 43.8002 0 0
1307 24.5507 71.4118 0 0
1308 30.4569 24.7234 0 0
1309 36.7776 38.2951 0 0
1310 29.9591 18.1152 0 0
1311 13.1822 44.1676 0 0
1312 37.2553 47.1343 0 0
1313 9.0354 21.5984 0 0
1314 24.3436 97.5438 0 0
1315 27.1503 82.4851 0 0
1316 21.7206 9.7198 0 0
1317 30.3371 95.2482 0 0
1318 14.8176 94.2538 0 0
1319 3.3850 89.5936 0 0
1320 8.6805 39.7836 0 0
1321 3.5954 92.0047 0 0
1322 4.0723 8.2903 0 0
1323 20.9440 85.9113 0 0
1324 24.5230 59.6808 0 0
1325 27.1172 76.6077 0 0
1326 30.2938 64.9727 0 0
1327 14.3965 54.0278 0 0
1328 10.6004 96.4639 0 0
1329 25.0523 94.9220 0 0
1330 14.2292 17.3059 0 0
1331 20.3331 76.9010 0 0
1332 42.1361 8.8563 0 0
1333 21.0278 82.4341 0 0
1334 32.3695 78.9649 0 0
1335 8.1959 80.3426 0 0
1336 35.3011 21.0023 0 0
1337 1.3685 84.4863 0 0
1338 9.9027 54.6150 0 0
1339 31.9324 62.6876 0 0
1340 1.3914 91.1976 0 0
1341 26.6986 66.7331 0 0
1342 33.3413 73.9856 0 0
1343 4.4760 97.1773 0 0
1344 31.7291 89.1531 0 0
1345 16.2488 23.4211 0 0
1346 37.9498 66.5747 0 0
1347 20.2590 61.9138 0 0
1348 25.9684 87.7125 0 0
1349 12.4164 90.9565 0 0
1350 5.4581 55.6391 0 0
1351 38.1408 15.2492 0 0
1352 25.4321 63.3046 0 0
1353 9.1076 85.2036 0 0
1354 22.2849 57.9968 0 0
1355 16.7986 77.1719 0 0
1356 23.8385 85.8980 0 0
1357 28.2012 61.0051 0 0
1358 35.6372 27.9094 0 0
1359 4.9746 91.9762 0 0
1360 11.7550 98.8994 0 0
1361 20.0159 92.4189 0 0
1362 23.6532 55.2982 0 0
1363 10.4984 73.5123 0 0
1364 12.2647 52.7554 0 0
1365 38.8659 22.9987 0 0
1366 37.9622 33.2669 0 0
1367 20.2900 69.6145 0 0
1368 28.8747 92.2341 0 0
1369 4.7658 75.1491 0 0
1370 17.6380 16.2830 0 0
1371 16.4572 97.6221 0 0
1372 31.0011 57.2959 0 0
1373 38.0574 54.6758 0 0
1374 30.3093 14.3479 0 0
1375 16.4354 83.7600 0 0
1376 27.3322 88.6295 0 0
1377 44.7061 26.0339 0 0
1378 13.2531 89.3112 0 0
1379 36.6893 73.1362 0 0
1380 26.2009 50.7967 0 0
1381 18.1736 74.3114 0 0
1382 2.8295 41.4443 0 0
1383 28.0225 99.0208 0 0
1384 14.8189 98.9980 0 0
1385 48.5393 27.5038 0 0
1386 28.7909 7.9042 0 0
1387 14.0124 95.6238 0 0
1388 8.7228 83.5793 0 0
1389 14.8274 83.6491 0 0
1390 26.8473 33.7824 0 0
1391 12.1021 83.1986 0 0
1392 15.7874 86.3360 0 0
1393 8.1063 71.2079 0 0
1394 29.5695 83.4060 0 0
1395 0.9947 99.0053 0 0
1396 1.1381 92.6464 0 0
1397 25.2035 84.8366 0 0
1398 23.8426 14.0648 0 0
1399 17.3310 80.0636 0 0
1400 22.5662 44.4295 0 0
1401 2.1542 56.1114 0 0
1402 46.1378 15.8583 0 0
1403 3.8703 84.0796 0 0
1404 7.4622 15.8057 0 0
1405 12.8773 99.1154 0 0
1406 13.0428 25.9525 0 0
1407 40.4965 3.9470 0 0
1408 24.5419 39.1517 0 0
1409 23.6541 82.3993 0 0
1410 27.4110 54.6309 0 0
1411 28.3562 70.2442 0 0
1412 3.9826 77.1657 0 0
1413 17.9343 72.2901 0 0
1414 10.8890 67.5338 0 0
1415 12.9423 49.4184 0 0
1416 49.9718 21.9602 0 0
1417 6.3572 85.4197 0 0
1418 17.3567 95.6728 0 0
1419 6.8890 90.7357 0 0
1420 40.4159 58.1242 0 0
1421 30.3987 87.8490 0 0
1422 1.3489 75.9353 0 0
1423 29.7644 97.9334 0 0
1424 26.7661 59.2569 0 0
1425 10.1474 82.3984 0 0
1426 20.2702 21.8285 0 0
1427 5.6018 93.3902 0 0
1428 1.5309 79.8249 0 0
1429 47.8306 30.7953 0 0
1430 20.4082 89.7658 0 0
1431 31.2140 52.6318 0 0
1432 4.5840 70.6720 0 0
1433 3.0584 22.0839 0 0
1434 8.8376 9.0323 0 0
1435 19.0413 65.8599 0 0
1436 12.9528 93.2621 0 0
1437 21.5737 91.9150 0 0
1438 3.6836 3.6586 0 0
1439 28.6599 86.9954 0 0
1440 5.4105 59.1024 0 0
1441 34.3703 80.9520 0 0
1442 8.9590 86.9040 0 0
1443 11.5711 95.3625 0 0
1444 1.2437 81.7407 0 0
1445 1.4640 69.1070 0 0
1446 4.6330 68.3443 0 0
1447 8.8134 78.9842 0 0
1448 1.9904 65.1471 0 0
1449 34.9441 9.1727 0 0
1450 2.4144 35.8586 0 0
1451 37.2703 3.2718 0 0
1452 6.4993 38.3159 0 0
1453 4.7992 63.8289 0 0
1454 44.6757 44.1525 0 0
1455 12.7080 64.4415 0 0
1456 17.8023 68.6131 0 0
1457 24.5159 75.2395 0 0
1458 12.3260 71.7092 0 0
1459 14.9163 78.8714 0 0
1460 33.3575 50.8948 0 0
1461 17.9720 78.6183 0 0
1462 29.4384 94.2969 0 0
1463 21.2266 73.0850 0 0
1464 44.3558 23.3718 0 0
1465 13.2845 60.1343 0 0
1466 2.8181 90.9211 0 0
1467 32.9564 75.6036 0 0
1468 29.8604 81.6154 0 0
1469 14.8303 46.5139 0 0
1470 21.9140 76.5356 0 0
1471 34.4465 59.1872 0 0
1472 8.0276 33.6702 0 0
1473 32.6938 86.6373 0 0
1474 10.4534 61.9654 0 0
1475 4.6105 85.3733 0 0
1476 26.4319 86.1609 0 0
1477 19.9051 59.7409 0 0
1478 40.0687 45.5917 0 0
1479 19.5006 94.8423 0 0
1480 10.2089 45.4702 0 0
1481 21.0988 39.6817 0 0
1482 8.4247 94.5158 0 0
1483 29.8760 42.2038 0 0
1484 52.8742 14.8436 0 0
1485 22.5904 97.5576 0 0
1486 16.3901 95.7840 0 0
1487 17.5365 42.3273 0 0
1488 22.6744 94.1231 0 0
1489 11.2711 86.6853 0 0
1490 32.6474 34.5254 0 0
1491 18.7976 93.8958 0 0
1492 15.2954 33.6282 0 0
1493 12.5546 80.7181 0 0
1494 8.5093 65.0265 0 0
1495 7.4218 96.2151 0 0
1496 35.2321 42.8037 0 0
1497 5.3796 46.0791 0 0
1498 11.1743 92.2557 0 0
1499 2.2153 46.8378 0 0
1500 0.8226 97.9789 0 0
1501 26.4685 73.0647 0 0
1502 22.2671 88.1191 0 0
1503 4.6741 87.6350 0 0
1504 30.1655 61.0897 0 0
1505 4.3750 99.2506 0 0
1506 2.1665 93.2532 0 0
1507 46.4711 37.5739 0 0
1508 17.9607 99.1263 0 0
1509 17.2714 59.2591 0 0
1510 2.8144 12.0045 0 0
1511 44.7399 32.0332 0 0
1512 2.6500 97.6175 0 0
1513 26.0619 74.8743 0 0
1514 41.5160 37.7762 0 0
1515 14.3574 72.6419 0 0
1516 1.9099 99.2384 0 0
1517 18.9955 37.4588 0 0
1518 8.0610 97.9604 0 0
1519 7.5590 88.5259 0 0
1520 27.7666 38.6783 0 0
1521 34.4727 71.1637 0 0
1522 14.0853 97.4058 0 0
1523 39.6053 50.4921 0 0
1524 11.7225 77.7923 0 0
1525 26.5973 97.7096 0 0
1526 1.8740 61.7213 0 0
1527 11.6850 97.5112 0 0
1528 37.5608 41.4172 0 0
1529 36.2180 63.5395 0 0
1530 1.6404 52.9170 0 0
1531 29.7191 69.0439 0 0
1532 35.5189 57.8302 0 0
1533 0.8328 95.3748 0 0
1534 31.0093 71.9590 0 0
1535 18.3109 97.4786 0 0
1536 29.4533 78.6402 0 0
1537 8.9703 89.4812 0 0
1538 7.5001 29.0066 0 0
1539 11.4663 32.4383 0 0
1540 11.7666 37.5145 0 0
1541 12.7738 97.1673 0 0
1542 9.3302 99.2853 0 0
1543 6.8750 99.2810 0 0
1544 39.5073 61.8872 0 0
1545 29.8479 92.8769 0 0
1546 15.7899 89.0726 0 0
1547 19.7793 71.6182 0 0
1548 29.3498 99.2249 0 0
1549 15.8764 96.7206 0 0
1550 36.2426 75.1606 0 0
1551 21.5175 95.7405 0 0
1552 17.2910 3.1182 0 0
1553 13.5169 92.0301 0 0
1554 10.7772 94.2945 0 0
1555 7.7721 92.5802 0 0
1556 20.2982 81.2726 0 0
1557 32.3563 55.2745 0 0
1558 31.4876 66.4027 0 0
1559 38.8539 27.1288 0 0
1560 16.8833 85.3510 0 0
1561 32.7677 40.7977 0 0
1562 6.0149 31.3698 0 0
1563 18.7213 55.8053 0 0
1564 23.5147 47.0509 0 0
1565 45.9987 8.0255 0 0
1566 1.7068 58.2830 0 0
1567 19.4727 83.8953 0 0
1568 24.1119 51.1487 0 0
1569 10.6728 76.5984 0 0
1570 20.3179 32.7375 0 0
1571 24.6500 87.3400 0 0
1572 28.6321 91.0393 0 0
1573 31.8928 31.4702 0 0
1574 20.6159 66.3003 0 0
1575 27.2984 62.6423 0 0
1576 16.9939 57.1781 0 0
1577 2.4145 96.5021 0 0
1578 30.1355 96.2516 0 0
1579 3.4760 74.2657 0 0
1580 31.2578 86.5244 0 0
1581 25.1542 42.7952 0 0
1582 3.2917 93.1572 0 0
1583 24.1986 61.6448 0 0
1584 11.3745 75.1707 0 0
1585 1.1321 85.8234 0 0
1586 10.2153 24.5314 0 0
1587 15.0761 6.5961 0 0
1588 7.5000 2.5380 0 0
1589 1.1589 87.3921 0 0
1590 25.3485 67.9262 0 0
1591 42.1833 53.2434 0 0
1592 31.4353 91.4978 0 0
1593 19.6536 44.6396 0 0
1594 24.1483 35.7148 0 0
1595 31.5337 70.1443 0 0
1596 40.2693 42.7794 0 0
1597 12.9076 69.8031 0 0
1598 14.1475 20.3655 0 0
1599 27.9157 83.8252 0 0
1600 13.2898 85.2979 0 0
1601 22.9711 77.8759 0 0
1602 6.4870 95.1065 0 0
1603 26.2042 69.8511 0 0
1604 10.6280 65.6747 0 0
1605 32.8921 48.4199 0 0
1606 24.9883 91.5058 0 0
1607 25.7028 55.5761 0 0
1608 20.6408 97.6862 0 0
1609 22.8681 30.7179 0 0
1610 13.6333 75.7676 0 0
1611 22.8375 69.7399 0 0
1612 29.0346 85.7910 0 0
1613 14.2905 84.7866 0 0
1614 23.1756 99.2383 0 0
1615 19.6194 99.1166 0 0
1616 24.9925 79.6599 0 0
1617 15.6565 99.2044 0 0
1618 10.5170 85.1675 0 0
1619 23.7959 90.3252 0 0
1620 44.2499 35.4487 0 0
1621 34.5427 12.9995 0 0
1622 1.8958 28.8017 0 0
1623 17.9668 28.7188 0 0
1624 33.1910 25.3878 0 0
1625 31.5525 79.9206 0 0
1626 27.7603 92.9798 0 0
1627 5.4083 79.5152 0 0
