0 -100.0000 -50.0000 0 -1
1 130.0000 -50.0000 0 -1
2 130.0000 0.0000 -1 0
3 30.0000 0.0000 0 0
4 0.0000 0.0000 0 0
5 -100.0000 0.0000 -1 0
6 30.0000 100.0000 0 0
7 0.0000 100.0000 0 0
8 -95.0000 -50.0000 0 -1
9 -90.0000 -50.0000 0 -1
10 -85.0000 -50.0000 0 -1
11 -80.0000 -50.0000 0 -1
12 -75.0000 -50.0000 0 -1
13 -70.0000 -50.0000 0 -1
14 -65.0000 -50.0000 0 -1
15 -60.0000 -50.0000 0 -1
16 -55.0000 -50.0000 0 -1
17 -50.0000 -50.0000 0 -1
18 -45.0000 -50.0000 0 -1
19 -40.0000 -50.0000 0 -1
20 -35.0000 -50.0000 0 -1
21 -30.0000 -50.0000 0 -1
22 -25.0000 -50.0000 0 -1
23 -20.0000 -50.0000 0 -1
24 -15.0000 -50.0000 0 -1
25 -10.0000 -50.0000 0 -1
26 -5.0000 -50.0000 0 -1
27 -0.0000 -50.0000 0 -1
28 5.0000 -50.0000 0 -1
29 10.0000 -50.0000 0 -1
30 15.0000 -50.0000 0 -1
31 20.0000 -50.0000 0 -1
32 25.0000 -50.0000 0 -1
33 30.0000 -50.0000 0 -1
34 35.0000 -50.0000 0 -1
35 40.0000 -50.0000 0 -1
36 45.0000 -50.0000 0 -1
37 50.0000 -50.0000 0 -1
38 55.0000 -50.0000 0 -1
39 60.0000 -50.0000 0 -1
40 65.0000 -50.0000 0 -1
41 70.0000 -50.0000 0 -1
42 75.0000 -50.0000 0 -1
43 80.0000 -50.0000 0 -1
44 85.0000 -50.0000 0 -1
45 90.0000 -50.0000 0 -1
46 95.0000 -50.0000 0 -1
47 100.0000 -50.0000 0 -1
48 105.0000 -50.0000 0 -1
49 110.0000 -50.0000 0 -1
50 115.0000 -50.0000 0 -1
51 120.0000 -50.0000 0 -1
52 125.0000 -50.0000 0 -1
53 130.0000 -45.0000 -1 0
54 130.0000 -40.0000 -1 0
55 130.0000 -35.0000 -1 0
56 130.0000 -30.0000 -1 0
57 130.0000 -25.0000 -1 0
58 130.0000 -20.0000 -1 0
59 130.0000 -15.0000 -1 0
60 130.0000 -10.0000 -1 0
61 130.0000 -5.0000 -1 0
62 125.0000 0.0000 0 0
63 120.0000 0.0000 0 0
64 115.0000 0.0000 0 0
65 110.0000 0.0000 0 0
66 105.0000 0.0000 0 0
67 100.0000 0.0000 0 0
68 95.0000 0.0000 0 0
69 90.0000 0.0000 0 0
70 85.0000 0.0000 0 0
71 80.0000 0.0000 0 0
72 75.0000 0.0000 0 0
73 70.0000 0.0000 0 0
74 65.0000 0.0000 0 0
75 60.0000 0.0000 0 0
76 55.0000 0.0000 0 0
77 50.0000 0.0000 0 0
78 45.0000 0.0000 0 0
79 40.0000 0.0000 0 0
80 35.0000 0.0000 0 0
81 25.0000 0.0000 0 0
82 20.0000 0.0000 0 0
83 15.0000 0.0000 0 0
84 10.0000 0.0000 0 0
85 5.0000 0.0000 0 0
86 -5.0000 0.0000 0 0
87 -10.0000 0.0000 0 0
88 -15.0000 0.0000 0 0
89 -20.0000 0.0000 0 0
90 -25.0000 0.0000 0 0
91 -30.0000 0.0000 0 0
92 -35.0000 0.0000 0 0
93 -40.0000 0.0000 0 0
94 -45.0000 0.0000 0 0
95 -50.0000 0.0000 0 0
96 -55.0000 0.0000 0 0
97 -60.0000 0.0000 0 0
98 -65.0000 0.0000 0 0
99 -70.0000 0.0000 0 0
100 -75.0000 0.0000 0 0
101 -80.0000 0.0000 0 0
102 -85.0000 0.0000 0 0
103 -90.0000 0.0000 0 0
104 -95.0000 0.0000 0 0
105 -100.0000 -5.0000 -1 0
106 -100.0000 -10.0000 -1 0
107 -100.0000 -15.0000 -1 0
108 -100.0000 -20.0000 -1 0
109 -100.0000 -25.0000 -1 0
110 -100.0000 -30.0000 -1 0
111 -100.0000 -35.0000 -1 0
112 -100.0000 -40.0000 -1 0
113 -100.0000 -45.0000 -1 0
114 30.0000 4.9032 0 0
115 30.0000 9.6261 0 0
116 30.0000 14.1754 0 0
117 30.0000 18.5573 0 0
118 30.0000 22.7781 0 0
119 30.0000 26.8437 0 0
120 30.0000 30.7598 0 0
121 30.0000 34.5318 0 0
122 30.0000 38.1652 0 0
123 30.0000 41.6649 0 0
124 30.0000 45.0359 0 0
125 30.0000 48.2830 0 0
126 30.0000 51.4107 0 0
127 30.0000 54.4233 0 0
128 30.0000 57.3251 0 0
129 30.0000 60.1203 0 0
130 30.0000 62.8126 0 0
131 30.0000 65.4060 0 0
132 30.0000 67.9040 0 0
133 30.0000 70.3101 0 0
134 30.0000 72.6277 0 0
135 30.0000 74.8601 0 0
136 30.0000 77.0104 0 0
137 30.0000 79.0816 0 0
138 30.0000 81.0767 0 0
139 30.0000 82.9984 0 0
140 30.0000 84.8494 0 0
141 30.0000 86.6324 0 0
142 30.0000 88.3498 0 0
143 30.0000 90.0040 0 0
144 30.0000 91.5974 0 0
145 30.0000 93.1322 0 0
146 30.0000 94.6106 0 0
147 30.0000 96.0346 0 0
148 30.0000 97.4062 0 0
149 30.0000 98.7274 0 0
150 28.7500 100.0000 0 0
151 27.5000 100.0000 0 0
152 26.2500 100.0000 0 0
153 25.0000 100.0000 0 0
154 23.7500 100.0000 0 0
155 22.5000 100.0000 0 0
156 21.2500 100.0000 0 0
157 20.0000 100.0000 0 0
158 18.7500 100.0000 0 0
159 17.5000 100.0000 0 0
160 16.2500 100.0000 0 0
161 15.0000 100.0000 0 0
162 13.7500 100.0000 0 0
163 12.5000 100.0000 0 0
164 11.2500 100.0000 0 0
165 10.0000 100.0000 0 0
166 8.7500 100.0000 0 0
167 7.5000 100.0000 0 0
168 6.2500 100.0000 0 0
169 5.0000 100.0000 0 0
170 3.7500 100.0000 0 0
171 2.5000 100.0000 0 0
172 1.2500 100.0000 0 0
173 0.0000 98.7274 0 0
174 0.0000 97.4062 0 0
175 0.0000 96.0346 0 0
176 0.0000 94.6106 0 0
177 0.0000 93.1322 0 0
178 0.0000 91.5974 0 0
179 0.0000 90.0040 0 0
180 0.0000 88.3498 0 0
181 0.0000 86.6324 0 0
182 0.0000 84.8494 0 0
183 0.0000 82.9984 0 0
184 0.0000 81.0767 0 0
185 0.0000 79.0816 0 0
186 0.0000 77.0104 0 0
187 0.0000 74.8601 0 0
188 0.0000 72.6277 0 0
189 0.0000 70.3101 0 0
190 0.0000 67.9040 0 0
191 0.0000 65.4060 0 0
192 0.0000 62.8126 0 0
193 0.0000 60.1203 0 0
194 0.0000 57.3251 0 0
195 0.0000 54.4233 0 0
196 0.0000 51.4107 0 0
197 0.0000 48.2830 0 0
198 0.0000 45.0359 0 0
199 0.0000 41.6649 0 0
200 0.0000 38.1652 0 0
201 0.0000 34.5318 0 0
202 0.0000 30.7598 0 0
203 0.0000 26.8437 0 0
204 0.0000 22.7781 0 0
205 0.0000 18.5573 0 0
206 0.0000 14.1754 0 0
207 0.0000 9.6261 0 0
208 0.0000 4.9032 0 0
209 -18.2269 -24.2846 0 0
210 17.5000 -25.0000 0 0
211 -57.5000 -25.0000 0 0
212 102.5714 -24.3333 0 0
213 72.5000 -25.0000 0 0
214 46.8625 -24.8773 0 0
215 -78.3866 -28.6467 0 0
216 -37.4051 -29.5377 0 0
217 0.0000 -31.3750 0 0
218 87.5000 -16.8750 0 0
219 32.4432 -33.1534 0 0
220 31.8664 -16.7635 0 0
221 87.6062 -34.1894 0 0
222 -4.4504 -15.5488 0 0
223 -30.1817 -15.7159 0 0
224 59.4412 -34.5402 0 0
225 60.0839 -15.5316 0 0
226 -70.6510 -15.8880 0 0
227 114.5833 -34.5833 0 0
228 114.5833 -15.4167 0 0
229 -45.4080 -15.6117 0 0
230 -84.6600 -14.8493 0 0
231 -65.9956 -35.5059 0 0
232 9.3611 -13.8167 0 0
233 -24.9734 -37.2507 0 0
234 -49.4641 -36.2916 0 0
235 11.9452 -36.9586 0 0
236 -11.9452 -36.9586 0 0
237 99.1187 -11.8280 0 0
238 75.5259 -12.6776 0 0
239 44.7189 -37.6369 0 0
240 99.5890 -37.3339 0 0
241 75.4110 -37.3339 0 0
242 -87.2059 -37.5522 0 0
243 44.5699 -12.6549 0 0
244 -17.4413 -11.7839 0 0
245 -57.9783 -12.4476 0 0
246 21.2934 -12.0002 0 0
247 23.0043 -38.7742 0 0
248 -88.9640 -24.7021 0 0
249 -76.8710 -39.3197 0 0
250 119.1582 -24.9961 0 0
251 -46.5048 -25.8011 0 0
252 -27.6695 -27.0913 0 0
253 8.3006 -23.1167 0 0
254 -37.5609 -40.6148 0 0
255 -67.3090 -25.7081 0 0
256 -7.3487 -24.7142 0 0
257 92.4244 -24.9025 0 0
258 82.7187 -25.0403 0 0
259 27.8392 -24.4544 0 0
260 37.3432 -25.0873 0 0
261 -36.6833 -10.1123 0 0
262 62.7431 -25.0000 0 0
263 -4.3831 -40.7462 0 0
264 -77.2425 -9.3360 0 0
265 -57.9711 -40.8789 0 0
266 67.7516 -8.8380 0 0
267 53.1351 -40.8039 0 0
268 67.5319 -40.4935 0 0
269 52.4109 -9.4871 0 0
270 108.0137 -8.6234 0 0
271 107.9316 -41.4983 0 0
272 -37.8590 -20.4723 0 0
273 0.9819 -8.5583 0 0
274 120.7609 -41.7272 0 0
275 121.8623 -8.2951 0 0
276 91.0038 -8.7583 0 0
277 36.3608 -41.1762 0 0
278 -91.7684 -8.4785 0 0
279 91.6675 -41.6487 0 0
280 36.9768 -8.7724 0 0
281 -10.0732 -8.7922 0 0
282 -77.6618 -19.8809 0 0
283 83.0214 -41.7468 0 0
284 -24.8913 -8.8597 0 0
285 110.9065 -26.8099 0 0
286 82.7715 -7.6480 0 0
287 50.7365 -16.9473 0 0
288 68.4524 -32.1192 0 0
289 51.3540 -32.3672 0 0
290 69.1577 -17.3461 0 0
291 -65.5425 -8.1804 0 0
292 106.4367 -17.4058 0 0
293 -50.3526 -8.4269 0 0
294 -18.0941 -42.0113 0 0
295 5.1974 -41.7351 0 0
296 28.8540 -8.6709 0 0
297 -23.0942 -18.7355 0 0
298 -12.2464 -18.1741 0 0
299 122.2990 -32.4995 0 0
300 122.2813 -17.4189 0 0
301 -62.6177 -18.8166 0 0
302 -52.1546 -18.4169 0 0
303 -59.2745 -32.8584 0 0
304 -92.2945 -18.1912 0 0
305 23.5575 -30.9543 0 0
306 106.1149 -32.8919 0 0
307 15.2246 -8.7987 0 0
308 -18.4847 -32.7268 0 0
309 -0.3101 -23.2298 0 0
310 55.1518 -24.0722 0 0
311 -30.1711 -42.3079 0 0
312 -44.8289 -42.3079 0 0
313 16.0288 -17.5174 0 0
314 -92.5836 -32.1074 0 0
315 -70.0867 -42.5054 0 0
316 -92.5986 -42.3134 0 0
317 16.5428 -42.7601 0 0
318 7.3276 -31.2679 0 0
319 29.2214 -42.7342 0 0
320 94.8319 -17.8169 0 0
321 79.8759 -18.6416 0 0
322 40.0381 -31.3226 0 0
323 -83.9406 -7.5754 0 0
324 39.5009 -17.6890 0 0
325 77.1233 -30.5648 0 0
326 97.7041 -30.3785 0 0
327 -32.4880 -34.7954 0 0
328 -42.5120 -34.7954 0 0
329 23.0782 -18.9737 0 0
330 -83.1684 -42.9661 0 0
331 -72.9819 -33.1725 0 0
332 60.3398 -42.5864 0 0
333 59.6060 -7.4116 0 0
334 2.9892 -16.3252 0 0
335 -85.2936 -31.2632 0 0
336 -52.5931 -29.9593 0 0
337 -6.4336 -33.1911 0 0
338 -51.5740 -43.1994 0 0
339 114.4688 -6.8501 0 0
340 114.9132 -43.3753 0 0
341 -9.4477 -43.4720 0 0
342 7.8138 -6.3239 0 0
343 72.9442 -6.4350 0 0
344 72.8695 -43.5911 0 0
345 -44.2542 -5.9616 0 0
346 46.9862 -43.5607 0 0
347 -32.6181 -7.0544 0 0
348 47.1142 -6.6024 0 0
349 17.0354 -32.2805 0 0
350 97.3498 -6.3975 0 0
351 102.6954 -43.1458 0 0
352 -71.5319 -7.0853 0 0
353 -12.7736 -29.5273 0 0
354 -57.5893 -4.9371 0 0
355 -17.5000 -5.9350 0 0
356 -64.1890 -44.4243 0 0
357 -83.8656 -23.8264 0 0
358 93.6112 -35.2208 0 0
359 81.3255 -34.6619 0 0
360 22.2873 -4.3346 0 0
361 -3.8691 -6.0885 0 0
362 114.9459 -20.9275 0 0
363 46.7716 -19.6317 0 0
364 74.2504 -19.4913 0 0
365 -74.5563 -24.3612 0 0
366 45.6754 -30.4487 0 0
367 28.2201 -13.3977 0 0
368 99.0616 -20.0038 0 0
369 -32.0200 -21.4662 0 0
370 -24.1149 -29.8101 0 0
371 -24.6876 -44.0949 0 0
372 10.2228 -43.9734 0 0
373 -80.2285 -34.3746 0 0
374 3.4650 -36.1964 0 0
375 -37.1143 -15.1995 0 0
376 -41.3178 -25.2467 0 0
377 -95.3854 -37.2472 0 0
378 40.7389 -44.1996 0 0
379 11.9184 -27.0031 0 0
380 22.4556 -46.1579 0 0
381 87.5000 -22.6559 0 0
382 -65.4563 -30.2110 0 0
383 103.5927 -5.4056 0 0
384 124.6769 -27.4105 0 0
385 26.8914 -34.9009 0 0
386 -94.4859 -23.3347 0 0
387 32.2001 -27.4610 0 0
388 42.2506 -4.5116 0 0
389 10.6342 -19.3801 0 0
390 17.2353 -37.2684 0 0
391 59.2347 -29.2033 0 0
392 -77.3529 -46.1356 0 0
393 -47.1488 -31.5609 0 0
394 97.4130 -44.8614 0 0
395 -79.3843 -14.5316 0 0
396 87.4244 -44.9363 0 0
397 77.8345 -45.5612 0 0
398 -95.2030 -13.1199 0 0
399 87.1950 -4.7029 0 0
400 -44.5336 -20.7719 0 0
401 77.7799 -4.3182 0 0
402 115.8275 -29.2386 0 0
403 -87.2324 -20.0221 0 0
404 32.0766 -22.0358 0 0
405 125.0733 -12.8100 0 0
406 125.0086 -37.0195 0 0
407 -32.0356 -29.3425 0 0
408 87.7986 -27.9549 0 0
409 -56.2229 -35.7319 0 0
410 0.9578 -44.6777 0 0
411 -62.9908 -13.2979 0 0
412 -14.4679 -44.6308 0 0
413 -16.6263 -19.8186 0 0
414 -52.2553 -23.8611 0 0
415 59.3255 -21.1588 0 0
416 83.3311 -13.4333 0 0
417 32.5591 -5.2070 0 0
418 -22.8914 -24.3078 0 0
419 107.4876 -22.5752 0 0
420 -87.7373 -45.0758 0 0
421 -22.6914 -13.4030 0 0
422 -34.9969 -44.6127 0 0
423 -50.4626 -13.6154 0 0
424 67.7853 -27.2637 0 0
425 -70.0546 -21.1391 0 0
426 -62.7281 -24.1176 0 0
427 3.5302 -27.0888 0 0
428 124.9115 -44.6105 0 0
429 124.7260 -5.2740 0 0
430 124.4838 -21.8149 0 0
431 77.4442 -23.2299 0 0
432 83.9490 -30.0230 0 0
433 -40.2007 -44.7642 0 0
434 42.2269 -26.8541 0 0
435 -12.2280 -13.3300 0 0
436 -12.4228 -4.6163 0 0
437 32.0015 -38.3370 0 0
438 97.4206 -23.7274 0 0
439 -12.4817 -24.2486 0 0
440 70.3752 -12.9291 0 0
441 63.7320 -30.7043 0 0
442 87.3834 -39.7033 0 0
443 50.1111 -37.0315 0 0
444 94.3444 -13.0495 0 0
445 -3.0161 -26.9847 0 0
446 36.7589 -35.8691 0 0
447 -94.8689 -5.1311 0 0
448 70.3100 -36.7946 0 0
449 54.4988 -36.0918 0 0
450 49.6177 -12.9328 0 0
451 65.4245 -14.0994 0 0
452 54.5906 -14.0700 0 0
453 65.0939 -35.5457 0 0
454 27.5596 -29.4993 0 0
455 -7.2158 -20.1033 0 0
456 -6.8542 -37.2362 0 0
457 32.3501 -11.3888 0 0
458 -37.0986 -4.7754 0 0
459 104.5658 -12.7825 0 0
460 109.6580 -13.9412 0 0
461 -40.8037 -13.5318 0 0
462 -22.5844 -4.6986 0 0
463 -57.3171 -20.1851 0 0
464 -3.0159 -11.0782 0 0
465 93.1516 -30.6103 0 0
466 -72.8553 -11.7057 0 0
467 -57.1330 -46.0243 0 0
468 39.7210 -12.9153 0 0
469 22.4263 -26.0719 0 0
470 -62.7040 -4.3861 0 0
471 -89.6439 -14.2167 0 0
472 -35.6472 -24.9497 0 0
473 -37.5000 -34.9515 0 0
474 -76.9087 -4.3429 0 0
475 27.2629 -19.0868 0 0
476 14.0890 -12.9456 0 0
477 -61.6557 -37.0909 0 0
478 -27.6828 -21.3382 0 0
479 102.4584 -29.5140 0 0
480 33.4874 -44.7754 0 0
481 68.5516 -3.6656 0 0
482 67.7833 -45.6845 0 0
483 119.2222 -13.6472 0 0
484 119.3778 -36.2132 0 0
485 51.3410 -45.4622 0 0
486 -32.2973 -12.5550 0 0
487 52.2829 -4.3171 0 0
488 -87.8338 -4.7562 0 0
489 64.2009 -19.2571 0 0
490 110.1351 -36.6626 0 0
491 -71.4660 -37.8061 0 0
492 73.3920 -33.3551 0 0
493 -4.6222 -45.3529 0 0
494 -2.2801 -35.6591 0 0
495 3.2920 -4.2448 0 0
496 -28.0908 -4.6812 0 0
497 -16.5792 -37.2619 0 0
498 104.0333 -38.0843 0 0
499 106.8771 -46.2033 0 0
500 89.0141 -12.7504 0 0
501 17.1955 -4.3071 0 0
502 117.7027 -4.4670 0 0
503 -95.9693 -28.3674 0 0
504 118.7579 -45.6026 0 0
505 92.6295 -4.8595 0 0
506 -74.7879 -16.0036 0 0
507 -52.5968 -4.4971 0 0
508 51.0133 -27.2110 0 0
509 -69.5523 -30.1372 0 0
510 -42.2929 -29.9507 0 0
511 68.4396 -22.2264 0 0
512 110.7532 -31.4218 0 0
513 110.2928 -4.6592 0 0
514 -27.5687 -32.8874 0 0
515 -82.0059 -19.3942 0 0
516 -82.4784 -38.8048 0 0
517 41.7079 -21.5746 0 0
518 -48.0458 -4.7523 0 0
519 -67.8797 -3.7349 0 0
520 -45.8413 -10.2365 0 0
521 5.2346 -12.4737 0 0
522 119.7367 -20.4159 0 0
523 -47.9497 -45.7271 0 0
524 51.0716 -21.8160 0 0
525 110.6783 -18.9116 0 0
526 3.8315 -20.7939 0 0
527 -14.0135 -8.9039 0 0
528 11.8718 -4.1769 0 0
529 -20.8815 -9.0433 0 0
530 92.3010 -46.2893 0 0
531 -7.9124 -4.4153 0 0
532 82.6561 -46.4489 0 0
533 -7.3953 -12.4043 0 0
534 106.5084 -27.5664 0 0
535 -60.7256 -29.2370 0 0
536 -60.2443 -8.7604 0 0
537 -72.3273 -46.1539 0 0
538 -67.8587 -45.7466 0 0
539 40.6506 -39.7020 0 0
540 14.1330 -22.9696 0 0
541 37.3218 -3.7594 0 0
542 82.5493 -3.3338 0 0
543 95.7920 -39.1865 0 0
544 -20.6893 -37.5004 0 0
545 27.2093 -4.6051 0 0
546 -82.0603 -10.7181 0 0
547 19.6163 -21.3182 0 0
548 -48.9012 -21.1039 0 0
549 58.8010 -11.3650 0 0
550 78.2724 -39.6198 0 0
551 112.7674 -10.9252 0 0
552 62.2495 -46.1225 0 0
553 8.4350 -38.7611 0 0
554 61.0957 -38.6223 0 0
555 6.6818 -45.9054 0 0
556 115.5979 -38.8889 0 0
557 12.2389 -31.8656 0 0
558 57.7416 -3.8755 0 0
559 -79.4394 -24.0548 0 0
560 -54.8233 -9.6530 0 0
561 63.0598 -4.8543 0 0
562 77.7706 -9.8503 0 0
563 0.7994 -39.7628 0 0
564 36.1866 -20.6733 0 0
565 -20.1489 -28.7221 0 0
566 -41.8069 -39.1264 0 0
567 -29.1035 -37.8500 0 0
568 -27.5461 -12.7461 0 0
569 57.0307 -44.9734 0 0
570 -74.1621 -29.1199 0 0
571 55.5194 -18.5524 0 0
572 -66.1397 -40.5401 0 0
573 -20.4450 -45.6976 0 0
574 -41.1437 -17.1174 0 0
575 -68.2524 -12.0929 0 0
576 91.1323 -19.9199 0 0
577 84.3167 -19.7654 0 0
578 10.0677 -9.6395 0 0
579 36.1137 -30.2094 0 0
580 -28.2713 -46.3781 0 0
581 -86.7054 -10.6393 0 0
582 19.7361 -8.6657 0 0
583 7.2369 -17.3747 0 0
584 -89.0300 -29.4128 0 0
585 -96.3967 -17.9291 0 0
586 37.1174 -46.0302 0 0
587 72.2025 -29.1582 0 0
588 26.5584 -46.0462 0 0
589 20.1806 -16.2838 0 0
590 -48.6048 -40.3759 0 0
591 -95.8476 -45.8476 0 0
592 126.4508 -32.4185 0 0
593 126.4299 -17.4348 0 0
594 -14.4424 -33.0619 0 0
595 27.2665 -39.3300 0 0
596 -65.7305 -21.2364 0 0
597 -1.2800 -18.8325 0 0
598 55.9028 -32.1241 0 0
599 -81.6574 -3.8444 0 0
600 -33.6367 -39.1887 0 0
601 101.2049 -33.7360 0 0
602 21.2107 -34.2084 0 0
603 24.5069 -9.4967 0 0
604 -88.3221 -33.6261 0 0
605 -13.3453 -40.6616 0 0
606 111.6409 -46.1830 0 0
607 19.5427 -29.4117 0 0
608 119.9832 -29.1863 0 0
609 -19.3044 -16.6233 0 0
610 62.7678 -10.1892 0 0
611 -45.6306 -37.5068 0 0
612 102.0933 -9.1181 0 0
613 -59.3376 -16.1264 0 0
614 57.2645 -39.7772 0 0
615 -96.7876 -32.5444 0 0
616 -66.3374 -16.7463 0 0
617 -26.1730 -16.6244 0 0
618 -95.9935 -9.0841 0 0
619 17.9871 -46.1749 0 0
620 -26.0849 -40.2884 0 0
621 -15.3933 -15.9427 0 0
622 -54.9504 -14.9824 0 0
623 -82.6259 -27.8231 0 0
624 -56.2770 -30.2211 0 0
625 42.9747 -9.2576 0 0
626 35.8498 -14.2802 0 0
627 41.9533 -35.1442 0 0
628 0.0765 -13.8028 0 0
629 78.2441 -14.6233 0 0
630 -53.0488 -38.9894 0 0
631 91.3645 -16.0823 0 0
632 13.0444 -40.8100 0 0
633 -88.9495 -40.6557 0 0
634 -3.8341 -22.7729 0 0
635 118.4142 -32.3442 0 0
636 -90.7442 -21.5625 0 0
637 -43.6804 -46.4566 0 0
638 117.0231 -9.8309 0 0
639 -74.1701 -42.1212 0 0
640 126.1926 -8.9431 0 0
641 126.1926 -41.0569 0 0
642 112.0437 -41.3216 0 0
643 -76.3217 -32.2118 0 0
644 -22.4528 -33.5391 0 0
645 114.6178 -25.4900 0 0
646 -31.2221 -25.0059 0 0
647 -82.4037 -46.7322 0 0
648 -84.7057 -35.1242 0 0
649 -96.6929 -42.0445 0 0
650 -92.2367 -46.6474 0 0
651 -41.3264 -3.6678 0 0
652 -8.0207 -28.9697 0 0
653 97.8621 -15.6670 0 0
654 -52.6170 -46.7741 0 0
655 101.8734 -16.3882 0 0
656 43.1724 -16.5384 0 0
657 58.7284 -25.1507 0 0
658 -73.7386 -19.6612 0 0
659 75.9163 -27.1100 0 0
660 95.2282 -9.2983 0 0
661 77.3818 -34.6692 0 0
662 97.3298 -34.2131 0 0
663 -41.1615 -8.5357 0 0
664 -33.8945 -17.0818 0 0
665 -29.0588 -9.2677 0 0
666 103.6889 -20.2844 0 0
667 106.9786 -3.6184 0 0
668 24.0910 -22.3088 0 0
669 20.2206 -41.7155 0 0
670 -10.2028 -33.2330 0 0
671 13.7033 -46.4162 0 0
672 8.4895 -27.8324 0 0
673 99.1482 -27.0733 0 0
674 46.9736 -15.7410 0 0
675 -32.5439 -3.1693 0 0
676 -48.4630 -17.6761 0 0
677 24.7878 -42.4597 0 0
678 3.6769 -32.2153 0 0
679 46.8147 -34.4990 0 0
680 -61.1310 -46.1408 0 0
681 -8.7083 -16.1298 0 0
682 -11.2185 -46.6053 0 0
683 44.3233 -46.1795 0 0
684 73.5106 -15.4135 0 0
685 -80.3947 -7.2681 0 0
686 -31.7407 -46.6900 0 0
687 44.3068 -41.4080 0 0
688 12.5466 -16.1754 0 0
689 7.5000 -2.7651 0 0
690 -72.5000 -2.7577 0 0
691 -1.1621 -3.5351 0 0
692 -75.6525 -35.4822 0 0
693 -52.4591 -33.7924 0 0
694 72.5000 -2.7472 0 0
695 102.4265 -46.9606 0 0
696 72.8735 -10.1460 0 0
697 90.8594 -37.7061 0 0
698 72.8790 -39.5666 0 0
699 47.4556 -2.8216 0 0
700 72.5000 -47.2725 0 0
701 49.1788 -40.8484 0 0
702 94.4226 -21.6976 0 0
703 47.3375 -10.1870 0 0
704 80.8472 -21.8252 0 0
705 24.0903 -14.8732 0 0
706 39.0750 -28.2051 0 0
707 -90.8408 -37.2503 0 0
708 -79.4074 -42.6799 0 0
709 -37.5379 -47.3057 0 0
710 80.2961 -28.2684 0 0
711 86.6219 -9.2113 0 0
712 100.1735 -3.6582 0 0
713 -16.3576 -28.4754 0 0
714 -69.5331 -33.8893 0 0
715 -91.7660 -3.1998 0 0
716 113.5098 -3.2953 0 0
717 54.9852 -28.4179 0 0
718 95.8603 -27.3598 0 0
719 -3.6740 -30.8399 0 0
720 -34.6444 -31.8713 0 0
721 -92.1187 -27.4268 0 0
722 -62.7170 -33.4619 0 0
723 83.7216 -37.9924 0 0
724 -71.1275 -26.3769 0 0
725 17.8599 -13.1354 0 0
726 -49.2717 -28.5383 0 0
727 -62.2173 -41.8150 0 0
728 -7.8083 -47.1883 0 0
729 111.7272 -22.9428 0 0
730 -17.2920 -46.8566 0 0
731 63.5019 -42.4273 0 0
732 47.7369 -47.0371 0 0
733 -85.7721 -40.8377 0 0
734 56.4469 -7.5510 0 0
735 -9.5381 -39.6349 0 0
736 -54.8612 -42.9852 0 0
737 -86.0244 -27.4054 0 0
738 -54.1567 -27.0088 0 0
739 99.4824 -40.9196 0 0
740 30.3887 -46.5253 0 0
741 121.9592 -2.9988 0 0
742 121.9815 -47.0211 0 0
743 8.3352 -34.5824 0 0
744 117.9877 -17.2503 0 0
745 -76.0675 -12.8942 0 0
746 -20.3577 -21.4400 0 0
747 127.2395 -47.2395 0 0
748 127.2395 -2.7605 0 0
749 15.4919 -27.9899 0 0
750 -6.0389 -8.8861 0 0
751 5.2195 -8.5586 0 0
752 32.7678 -41.7557 0 0
753 -97.3721 -2.6279 0 0
754 -22.4957 -41.1405 0 0
755 14.3527 85.6767 0 0
756 15.0000 70.6277 0 0
757 21.8750 91.8937 0 0
758 8.0254 91.9885 0 0
759 15.0188 55.6113 0 0
760 14.8707 93.1545 0 0
761 9.1445 78.0460 0 0
762 20.3641 78.1245 0 0
763 15.1799 40.7373 0 0
764 14.0852 25.1997 0 0
765 7.1091 84.8575 0 0
766 23.2670 84.5599 0 0
767 21.1436 64.1625 0 0
768 8.8603 64.1093 0 0
769 25.1777 95.4448 0 0
770 4.7876 95.4430 0 0
771 22.8866 71.5151 0 0
772 19.3323 95.6038 0 0
773 10.8880 95.6428 0 0
774 6.7787 71.4927 0 0
775 17.8871 89.0190 0 0
776 14.7896 79.7391 0 0
777 9.3278 48.2435 0 0
778 20.6161 48.0619 0 0
779 17.0054 12.6584 0 0
780 11.8308 89.5236 0 0
781 25.5423 89.5167 0 0
782 4.4541 89.5086 0 0
783 7.4144 56.9035 0 0
784 22.5856 56.9035 0 0
785 18.6443 82.9878 0 0
786 15.6153 96.4805 0 0
787 24.8976 80.3749 0 0
788 9.3133 33.0099 0 0
789 20.3059 32.3625 0 0
790 5.0190 80.3358 0 0
791 10.8736 82.4538 0 0
792 14.9837 64.3069 0 0
793 22.4240 96.6765 0 0
794 7.5197 96.6338 0 0
795 16.7140 75.2921 0 0
796 7.2834 41.4499 0 0
797 22.7839 41.2519 0 0
798 25.2624 75.5098 0 0
799 5.0287 75.7891 0 0
800 8.6135 88.4767 0 0
801 26.8699 92.5529 0 0
802 3.1301 92.5529 0 0
803 18.4338 92.3804 0 0
804 9.0230 18.8681 0 0
805 21.4399 88.2673 0 0
806 11.1619 73.7119 0 0
807 3.5536 85.6521 0 0
808 26.5323 85.7409 0 0
809 12.0378 92.7947 0 0
810 12.8691 97.2212 0 0
811 27.4152 97.4344 0 0
812 2.5848 97.4344 0 0
813 25.1131 67.0731 0 0
814 22.5340 20.9342 0 0
815 4.8971 67.0069 0 0
816 8.9797 8.9769 0 0
817 10.0866 68.6041 0 0
818 20.1463 68.8125 0 0
819 12.3534 59.7448 0 0
820 18.0196 60.5610 0 0
821 6.6904 26.4906 0 0
822 14.9867 50.0928 0 0
823 10.9864 85.8229 0 0
824 14.9884 90.1190 0 0
825 25.2701 61.6285 0 0
826 4.7288 61.6168 0 0
827 19.0131 86.3993 0 0
828 21.7074 81.4230 0 0
829 18.2975 97.8914 0 0
830 5.1674 52.1294 0 0
831 24.8326 52.1294 0 0
832 23.0169 94.1943 0 0
833 6.9805 94.2178 0 0
834 24.7186 97.8246 0 0
835 5.2814 97.8246 0 0
836 20.6972 74.3713 0 0
837 7.9056 81.2203 0 0
838 9.6917 97.7389 0 0
839 20.3955 97.7619 0 0
840 12.8574 77.0046 0 0
841 17.0988 94.5787 0 0
842 12.9550 95.0827 0 0
843 10.7127 53.3530 0 0
844 19.3291 53.5385 0 0
845 27.8543 94.7996 0 0
846 2.1457 94.7996 0 0
847 23.7818 27.1312 0 0
848 24.4111 92.1328 0 0
849 5.5855 92.1357 0 0
850 15.6863 82.6393 0 0
851 22.9329 7.0351 0 0
852 26.4295 72.5940 0 0
853 14.8107 34.5785 0 0
854 27.1761 82.7409 0 0
855 2.8128 82.7283 0 0
856 3.5253 72.6004 0 0
857 18.1847 80.2132 0 0
858 25.2576 46.6549 0 0
859 4.6758 47.1954 0 0
860 19.8455 90.4674 0 0
861 18.1087 72.0801 0 0
862 15.8877 18.8591 0 0
863 8.1835 74.9172 0 0
864 9.7515 93.3188 0 0
865 2.8538 78.0182 0 0
866 20.6993 93.6395 0 0
867 16.6441 45.1773 0 0
868 27.1853 78.3879 0 0
869 6.1911 87.2582 0 0
870 23.2560 89.9808 0 0
871 6.9691 90.1005 0 0
872 23.5625 14.6125 0 0
873 15.8593 87.5876 0 0
874 23.7899 87.3420 0 0
875 10.3730 91.1301 0 0
876 27.6859 90.2303 0 0
877 2.3185 90.2195 0 0
878 25.1092 36.5138 0 0
879 4.9178 36.2694 0 0
880 23.5376 77.8622 0 0
881 2.0758 87.6862 0 0
882 11.4597 43.5642 0 0
883 14.5683 98.1758 0 0
884 11.9042 79.6780 0 0
885 16.8623 84.8420 0 0
886 27.9293 87.7185 0 0
887 8.3379 60.3659 0 0
888 21.4905 60.1732 0 0
889 4.1062 57.4707 0 0
890 25.8938 57.4707 0 0
891 18.8597 37.5846 0 0
892 10.8316 37.4694 0 0
893 14.2770 6.7360 0 0
894 16.4153 98.2499 0 0
895 8.6154 95.5380 0 0
896 20.5258 84.0939 0 0
897 11.2778 98.0992 0 0
898 13.5040 87.7572 0 0
899 13.8400 67.4117 0 0
900 14.2227 73.5494 0 0
901 24.3987 83.2278 0 0
902 6.4191 77.9295 0 0
903 13.6148 91.6970 0 0
904 5.4747 82.9334 0 0
905 23.4068 98.4454 0 0
906 6.9410 98.2002 0 0
907 16.4091 91.4499 0 0
908 3.4513 69.6876 0 0
909 5.0648 30.1956 0 0
910 9.6402 83.7744 0 0
911 22.4920 68.1590 0 0
912 13.1673 83.5399 0 0
913 7.5147 68.2359 0 0
914 18.4323 65.0544 0 0
915 16.8948 31.1713 0 0
916 26.4420 64.2387 0 0
917 4.9993 20.9902 0 0
918 18.8180 56.5101 0 0
919 11.1820 56.5101 0 0
920 5.7004 13.0639 0 0
921 27.0734 69.2163 0 0
922 3.5471 64.1991 0 0
923 16.6958 77.3868 0 0
924 11.3149 64.7995 0 0
925 11.0249 88.2683 0 0
926 25.5258 30.9451 0 0
927 28.1505 98.4021 0 0
928 1.8495 98.4021 0 0
929 15.1464 94.8902 0 0
930 11.3159 28.6096 0 0
931 2.3946 80.3877 0 0
932 10.5191 72.2156 0 0
933 27.4285 80.6887 0 0
934 26.1430 98.3097 0 0
935 3.8570 98.3097 0 0
936 21.3607 95.7782 0 0
937 4.0191 42.7379 0 0
938 25.5148 42.9474 0 0
939 2.4739 75.5437 0 0
940 25.4443 93.5334 0 0
941 4.5557 93.5334 0 0
942 17.1207 96.0243 0 0
943 8.9110 86.1558 0 0
944 23.1128 74.0140 0 0
945 20.1025 43.9346 0 0
946 21.5987 86.1969 0 0
947 11.1401 22.5082 0 0
948 23.9503 96.1475 0 0
949 6.0497 96.1475 0 0
950 18.5354 76.5812 0 0
951 28.0065 93.2380 0 0
952 1.9935 93.2380 0 0
953 9.8588 80.4703 0 0
954 12.6468 71.1779 0 0
955 12.3031 13.3038 0 0
956 15.0000 61.3628 0 0
957 8.4405 98.5854 0 0
958 8.3784 89.8537 0 0
959 7.7790 44.3006 0 0
960 27.7006 76.1207 0 0
961 19.1435 93.9133 0 0
962 19.8868 92.5729 0 0
963 3.3653 54.3921 0 0
964 26.6347 54.3921 0 0
965 19.0872 88.0981 0 0
966 6.0513 64.2745 0 0
967 14.1332 95.7927 0 0
968 16.4531 68.3015 0 0
969 10.3537 75.9626 0 0
970 23.9767 64.3521 0 0
971 25.5856 90.9809 0 0
972 4.4134 90.9793 0 0
973 21.4368 98.4404 0 0
974 19.5228 24.6233 0 0
975 13.2080 98.6478 0 0
976 19.8287 80.9833 0 0
977 11.6239 94.4909 0 0
978 13.1545 46.7324 0 0
979 13.5282 81.2779 0 0
980 28.3707 96.1831 0 0
981 1.6293 96.1831 0 0
982 19.7616 71.0676 0 0
983 19.3015 98.6435 0 0
984 12.0153 96.1252 0 0
985 27.8501 84.5030 0 0
986 2.2374 84.4601 0 0
987 21.6378 90.1517 0 0
988 25.8738 96.8106 0 0
989 4.1225 96.8410 0 0
990 4.9093 5.6268 0 0
991 17.4391 87.3957 0 0
992 25.5936 23.2352 0 0
993 21.7413 76.4449 0 0
994 24.5347 69.6521 0 0
995 4.4429 87.4361 0 0
996 14.7288 76.3000 0 0
997 13.4601 93.1190 0 0
998 25.5805 87.4624 0 0
999 6.0386 73.6655 0 0
1000 17.9614 90.7641 0 0
1001 18.7743 62.6426 0 0
1002 28.3502 91.6718 0 0
1003 1.6498 91.6718 0 0
1004 19.4863 16.3789 0 0
1005 24.8824 84.7611 0 0
1006 14.6456 58.4729 0 0
1007 23.0594 79.9236 0 0
1008 5.4361 85.6585 0 0
1009 13.9059 52.6543 0 0
1010 28.0265 66.7221 0 0
1011 16.4923 93.0500 0 0
1012 17.8257 40.3420 0 0
1013 27.1546 49.6706 0 0
1014 2.8869 49.5786 0 0
1015 22.2589 53.9241 0 0
1016 7.7481 53.8932 0 0
1017 11.0208 62.4755 0 0
1018 2.0637 66.7743 0 0
1019 25.5398 18.0789 0 0
1020 7.9046 79.5516 0 0
1021 2.6593 39.6379 0 0
1022 27.2540 39.7610 0 0
1023 5.8128 69.6283 0 0
1024 10.8407 96.9499 0 0
1025 11.7914 50.1238 0 0
1026 18.4311 49.9485 0 0
1027 17.0456 81.6804 0 0
1028 12.7290 86.2937 0 0
1029 3.5108 24.2455 0 0
1030 9.2547 66.5522 0 0
1031 12.0520 91.1251 0 0
1032 8.9068 96.6071 0 0
1033 8.4021 93.3903 0 0
1034 19.3014 97.1359 0 0
1035 28.2999 86.2691 0 0
1036 24.3936 98.9253 0 0
1037 5.6246 98.9125 0 0
1038 20.6149 66.5665 0 0
1039 10.1069 89.4217 0 0
1040 1.7287 86.2312 0 0
1041 28.1621 73.6934 0 0
1042 16.7730 90.0074 0 0
1043 20.1236 28.9004 0 0
1044 10.9906 4.3486 0 0
1045 26.9326 93.8111 0 0
1046 3.0674 93.8111 0 0
1047 11.6008 84.3175 0 0
1048 26.0369 11.2784 0 0
1049 22.1996 83.2084 0 0
1050 23.9999 59.3200 0 0
1051 5.9890 59.4671 0 0
1052 6.9530 92.7329 0 0
1053 23.0361 92.7658 0 0
1054 8.3710 51.0238 0 0
1055 21.6546 51.0071 0 0
1056 27.7684 61.6812 0 0
1057 2.2249 61.6739 0 0
1058 13.3837 89.0945 0 0
1059 10.4883 98.9489 0 0
1060 17.5190 98.7516 0 0
1061 16.1803 73.3158 0 0
1062 12.5070 31.6061 0 0
1063 27.2507 98.8274 0 0
1064 2.7493 98.8274 0 0
1065 3.0732 33.5656 0 0
1066 4.2349 83.9474 0 0
1067 3.7123 9.0854 0 0
1068 18.1672 4.0887 0 0
1069 18.5627 74.3734 0 0
1070 24.3746 94.3811 0 0
1071 5.6254 94.3811 0 0
1072 22.4376 95.4116 0 0
1073 3.9715 16.9085 0 0
1074 25.2087 78.6636 0 0
1075 26.9508 96.0294 0 0
1076 3.0492 96.0294 0 0
1077 13.0323 74.8861 0 0
1078 1.4056 88.9622 0 0
1079 15.0733 91.6815 0 0
1080 11.0322 78.0849 0 0
1081 23.3000 44.3436 0 0
1082 7.1982 95.4474 0 0
1083 1.6745 71.3276 0 0
1084 8.3251 72.8354 0 0
1085 16.5074 53.1680 0 0
1086 7.8195 76.6978 0 0
1087 28.6280 89.0054 0 0
1088 1.7705 73.6330 0 0
1089 7.1875 88.5658 0 0
1090 22.1816 37.5716 0 0
1091 7.8927 37.6607 0 0
1092 28.6800 81.8818 0 0
1093 7.2173 66.1103 0 0
1094 20.4768 98.9692 0 0
1095 18.0523 8.6338 0 0
1096 18.5576 84.6980 0 0
1097 23.1170 91.3138 0 0
1098 10.4052 40.4074 0 0
1099 25.0987 73.6594 0 0
1100 15.5379 98.8988 0 0
1101 13.2898 78.6563 0 0
1102 27.0636 28.1966 0 0
1103 4.6934 78.7621 0 0
1104 7.6007 83.2777 0 0
1105 1.2886 81.8458 0 0
1106 6.8369 91.4085 0 0
1107 21.3073 97.0356 0 0
1108 17.6935 69.9292 0 0
1109 10.7320 92.3604 0 0
1110 22.9078 88.5485 0 0
1111 21.0893 79.8773 0 0
1112 22.7638 62.3067 0 0
1113 28.0788 71.1517 0 0
1114 25.7133 4.2736 0 0
1115 21.2314 72.4579 0 0
1116 18.1452 95.0485 0 0
1117 23.5835 97.2517 0 0
1118 6.3319 97.1729 0 0
1119 16.1607 95.3718 0 0
1120 9.1758 82.2393 0 0
1121 14.2940 43.4098 0 0
1122 15.9805 86.0991 0 0
1123 10.0144 58.5429 0 0
1124 19.8267 58.4109 0 0
1125 22.6681 66.0626 0 0
1126 13.2902 62.9199 0 0
1127 15.0338 84.1928 0 0
1128 7.3027 62.4185 0 0
1129 7.8693 87.3133 0 0
1130 6.2311 81.4498 0 0
1131 29.0102 95.1419 0 0
1132 0.9898 95.1419 0 0
1133 16.9418 83.3545 0 0
1134 26.1582 83.9162 0 0
1135 16.3693 37.7336 0 0
1136 23.5366 81.6391 0 0
1137 22.2597 87.3124 0 0
1138 20.3140 89.0865 0 0
1139 23.6224 76.1586 0 0
1140 3.0673 88.7559 0 0
1141 12.2270 88.0478 0 0
1142 12.7698 69.1370 0 0
1143 15.6815 22.5892 0 0
1144 8.4472 29.8809 0 0
1145 20.2167 82.3839 0 0
1146 26.9377 88.7832 0 0
1147 18.2936 78.5603 0 0
1148 28.9350 97.4944 0 0
1149 1.0650 97.4944 0 0
1150 24.3501 90.4838 0 0
1151 6.2709 49.2026 0 0
1152 23.7261 49.0755 0 0
1153 5.6790 90.5165 0 0
1154 16.8093 63.2313 0 0
1155 14.8266 88.4452 0 0
1156 22.0034 93.4802 0 0
1157 15.8580 66.2616 0 0
1158 24.3452 54.9667 0 0
1159 5.6838 54.9653 0 0
1160 17.9519 34.8344 0 0
1161 17.2342 57.4873 0 0
1162 17.7581 93.5366 0 0
1163 24.7767 86.2746 0 0
1164 14.2144 10.2842 0 0
1165 3.8744 74.3846 0 0
1166 2.0797 59.1898 0 0
1167 27.9203 59.1898 0 0
1168 12.4578 16.9052 0 0
1169 26.4840 94.8775 0 0
1170 3.5142 94.8774 0 0
1171 6.7107 33.6088 0 0
1172 9.7678 94.5795 0 0
1173 25.7094 81.7415 0 0
1174 16.7048 47.7458 0 0
1175 15.2489 81.2096 0 0
1176 5.8206 88.8976 0 0
1177 24.2378 88.8890 0 0
1178 27.0085 33.8738 0 0
1179 5.0786 71.4042 0 0
1180 11.8482 98.9616 0 0
1181 21.1794 11.7662 0 0
1182 4.2554 81.6441 0 0
1183 16.9666 97.3682 0 0
1184 9.4203 99.0641 0 0
1185 14.3750 99.1561 0 0
1186 9.3896 92.2298 0 0
1187 25.6663 92.2162 0 0
1188 4.3333 92.2163 0 0
1189 12.7869 54.8100 0 0
1190 27.7153 45.9904 0 0
1191 2.6566 45.8379 0 0
1192 16.0088 94.1533 0 0
1193 11.8314 35.0292 0 0
1194 1.9952 56.3778 0 0
1195 28.0048 56.3778 0 0
1196 24.6591 71.9583 0 0
1197 1.2721 78.5251 0 0
1198 27.7131 52.2193 0 0
1199 2.2869 52.2193 0 0
1200 11.9147 67.0164 0 0
1201 14.0716 97.1875 0 0
1202 28.7816 78.1360 0 0
1203 16.4517 79.5622 0 0
1204 15.5262 97.6861 0 0
1205 20.2643 96.3408 0 0
1206 14.5420 86.9766 0 0
1207 3.0532 27.7070 0 0
1208 13.9468 94.2462 0 0
1209 7.8295 22.6413 0 0
1210 20.4106 94.9783 0 0
1211 8.3867 97.4433 0 0
1212 2.1301 36.4340 0 0
1213 16.2956 88.7623 0 0
1214 6.3487 79.8825 0 0
1215 28.8590 90.5253 0 0
1216 1.1410 90.5253 0 0
1217 19.1200 91.4765 0 0
1218 1.0309 87.4911 0 0
1219 20.8125 91.2738 0 0
1220 22.6005 46.4141 0 0
1221 8.5836 70.4592 0 0
1222 26.5307 74.3154 0 0
1223 14.9039 78.1460 0 0
1224 19.0190 89.4870 0 0
1225 18.2183 96.5359 0 0
1226 21.6548 94.5803 0 0
1227 28.9785 87.5441 0 0
1228 21.9583 78.4465 0 0
1229 17.0183 26.8892 0 0
1230 11.8519 97.2529 0 0
1231 26.8565 91.1955 0 0
1232 3.1638 91.2143 0 0
1233 10.5762 25.5777 0 0
1234 26.0859 79.9713 0 0
1235 20.6532 55.4991 0 0
1236 9.2954 55.2936 0 0
1237 23.3132 33.9818 0 0
1238 27.8743 36.5691 0 0
1239 22.4351 97.8179 0 0
1240 22.6851 24.0237 0 0
1241 25.3010 99.0119 0 0
1242 4.7026 99.0094 0 0
1243 24.0654 93.3602 0 0
1244 18.4997 46.9736 0 0
1245 6.6979 75.7998 0 0
1246 5.9250 93.3591 0 0
1247 26.8975 15.2184 0 0
1248 17.6895 85.8813 0 0
1249 13.0804 90.3892 0 0
1250 10.7826 93.5088 0 0
1251 9.8614 87.2138 0 0
1252 5.8447 84.2753 0 0
1253 11.8928 81.2182 0 0
1254 21.0969 92.7065 0 0
1255 18.9473 20.0228 0 0
1256 14.2950 28.3824 0 0
1257 13.2483 84.8818 0 0
1258 4.2198 77.1509 0 0
1259 25.8615 77.0841 0 0
1260 26.9802 20.7119 0 0
1261 20.7216 62.1428 0 0
1262 9.7545 74.4313 0 0
1263 8.8490 14.6711 0 0
1264 15.4281 15.6211 0 0
1265 20.1666 76.1042 0 0
1266 7.2205 46.6921 0 0
1267 16.5067 71.4559 0 0
1268 28.9934 98.9885 0 0
1269 1.0066 98.9885 0 0
1270 29.0069 93.9555 0 0
1271 0.9931 93.9555 0 0
1272 23.7914 95.1159 0 0
1273 9.8071 45.5179 0 0
1274 27.1070 7.4159 0 0
1275 13.2835 56.8391 0 0
1276 24.8059 96.6385 0 0
1277 20.5545 87.2492 0 0
1278 5.1877 96.6359 0 0
1279 18.1077 67.3938 0 0
1280 9.0318 91.0467 0 0
1281 11.4980 87.0121 0 0
1282 22.3638 2.8985 0 0
1283 9.9039 96.3107 0 0
1284 1.3000 69.1070 0 0
1285 12.5993 72.9117 0 0
1286 6.9788 86.0834 0 0
1287 7.5881 99.0422 0 0
1288 3.4834 90.1355 0 0
1289 19.5727 79.5856 0 0
1290 29.0608 92.5835 0 0
1291 0.9392 92.5835 0 0
1292 13.5336 65.4527 0 0
1293 3.8432 79.8296 0 0
1294 18.3551 99.0922 0 0
1295 16.6381 99.1253 0 0
1296 26.5216 90.1413 0 0
1297 9.1820 42.7915 0 0
1298 22.6100 30.6642 0 0
1299 27.2878 25.6369 0 0
1300 15.0920 74.7276 0 0
1301 16.6215 42.6857 0 0
1302 28.1289 99.2436 0 0
1303 1.8711 99.2436 0 0
1304 23.1771 85.9182 0 0
1305 21.8228 84.8935 0 0
1306 22.4004 17.7287 0 0
1307 12.2110 98.0366 0 0
1308 19.6723 72.8701 0 0
1309 22.4521 99.0579 0 0
1310 20.3454 85.5885 0 0
1311 11.0907 90.3001 0 0
1312 21.8823 70.0512 0 0
1313 2.6843 12.3157 0 0
1314 10.1782 60.6791 0 0
1315 7.5229 3.0650 0 0
1316 10.9212 70.3188 0 0
1317 2.7846 2.7418 0 0
1318 26.1551 70.9145 0 0
1319 14.1727 82.5542 0 0
1320 3.1196 86.9585 0 0
1321 14.5260 72.1731 0 0
1322 12.7539 93.9311 0 0
1323 13.1126 96.2480 0 0
1324 8.3605 84.9232 0 0
1325 17.0763 55.3578 0 0
1326 12.8380 19.9460 0 0
1327 26.9313 87.0742 0 0
1328 14.8275 68.7106 0 0
1329 13.3201 38.3731 0 0
1330 9.1400 62.0096 0 0
1331 9.8350 85.2806 0 0
1332 9.3159 35.3556 0 0
1333 20.5225 35.2670 0 0
1334 20.3931 39.5250 0 0
1335 7.8323 90.8640 0 0
1336 28.5785 64.1414 0 0
1337 3.9165 59.7474 0 0
1338 26.1024 59.7656 0 0
1339 8.1383 94.5690 0 0
1340 5.4618 44.6908 0 0
1341 28.9329 80.0261 0 0
1342 18.4960 81.6182 0 0
1343 2.0646 20.6677 0 0
1344 12.3721 82.4658 0 0
1345 24.4503 39.4147 0 0
1346 5.4949 39.3733 0 0
1347 0.9719 80.0792 0 0
1348 1.2679 83.3444 0 0
1349 13.6869 3.0347 0 0
1350 1.3788 76.6527 0 0
1351 17.2809 92.2455 0 0
1352 12.8733 41.4075 0 0
1353 13.4160 79.9841 0 0
1354 1.7535 43.1629 0 0
1355 28.0968 43.0799 0 0
1356 28.7389 83.3644 0 0
1357 1.4766 64.1549 0 0
1358 28.8418 69.1070 0 0
1359 6.2093 95.1576 0 0
