4 1.29e+06 0
7 0 0
187 1.64e+04 0
188 3.34e+04 0
189 5.11e+04 0
190 6.95e+04 0
191 8.86e+04 0
192 1.08e+05 0
193 1.29e+05 0
194 1.5e+05 0
195 1.72e+05 0
196 1.95e+05 0
197 2.19e+05 0
198 2.44e+05 0
199 2.7e+05 0
200 2.96e+05 0
201 3.24e+05 0
202 3.53e+05 0
203 3.83e+05 0
204 4.14e+05 0
205 4.46e+05 0
206 4.8e+05 0
207 5.14e+05 0
208 5.5e+05 0
209 5.88e+05 0
210 6.27e+05 0
211 6.67e+05 0
212 7.09e+05 0
213 7.52e+05 0
214 7.97e+05 0
215 8.44e+05 0
216 8.93e+05 0
217 9.43e+05 0
218 9.96e+05 0
219 1.05e+06 0
220 1.11e+06 0
221 1.17e+06 0
222 1.23e+06 0
