0 3 0 557 235 390
1 3 0 349 557 390
2 3 0 710 359 432
3 3 0 325 359 710
4 3 0 28 555 410
5 3 0 261 347 458
6 3 0 250 430 522
7 3 0 271 498 351
8 3 0 349 602 607
9 3 0 305 607 602
10 3 0 50 504 340
11 3 0 702 438 368
12 3 0 96 97 354
13 3 0 304 403 471
14 3 0 102 488 599
15 3 0 215 623 373
16 3 0 335 373 623
17 3 0 230 471 403
18 3 0 27 28 410
19 3 0 88 89 355
20 3 0 366 627 679
21 3 0 322 627 366
22 3 0 263 735 341
23 3 0 264 352 474
24 3 0 321 629 364
25 3 0 364 629 684
26 3 0 27 410 493
27 3 0 47 695 394
28 3 0 272 400 376
29 3 0 216 510 473
30 3 0 266 343 481
31 3 0 252 370 418
32 3 0 213 364 511
33 3 0 290 511 364
34 3 0 270 551 339
35 3 0 328 473 510
36 3 0 271 351 499
37 3 0 289 508 366
38 3 0 214 366 508
39 3 0 268 482 344
40 3 0 255 382 426
41 3 0 269 487 348
42 3 0 320 702 368
43 3 0 78 388 699
44 3 0 274 556 340
45 3 0 324 626 564
46 3 0 81 82 360
47 3 0 270 339 513
48 3 0 225 489 451
49 3 0 50 340 606
50 3 0 250 384 430
51 3 0 323 599 488
52 3 0 295 372 553
53 3 0 305 454 469
54 3 0 248 357 403
55 3 0 68 350 712
56 3 0 302 463 414
57 3 0 211 414 463
58 3 0 220 564 626
59 3 0 258 408 381
60 3 0 274 340 504
61 3 0 68 505 350
62 3 0 252 514 370
63 3 0 261 486 347
64 3 0 265 409 477
65 3 0 303 477 409
66 3 0 26 27 493
67 3 0 372 632 553
68 3 0 344 397 550
69 3 0 263 341 493
70 3 0 344 550 698
71 3 0 221 358 465
72 3 0 266 696 343
73 3 0 260 404 387
74 3 0 78 79 388
75 3 0 268 344 698
76 3 0 310 571 524
77 3 0 458 651 663
78 3 0 46 47 394
79 3 0 269 348 703
80 3 0 325 661 359
81 3 0 94 518 345
82 3 0 94 345 651
83 3 0 409 693 624
84 3 0 259 469 454
85 3 0 291 352 575
86 3 0 351 394 695
87 3 0 303 409 624
88 3 0 261 458 663
89 3 0 108 109 386
90 3 0 108 386 585
91 3 0 251 510 376
92 3 0 237 612 350
93 3 0 214 363 517
94 3 0 349 390 602
95 3 0 253 389 583
96 3 0 237 350 660
97 3 0 252 407 514
98 3 0 276 500 444
99 3 0 267 569 614
100 3 0 266 561 610
101 3 0 211 463 426
102 3 0 301 426 463
103 3 0 348 699 388
104 3 0 263 456 735
105 3 0 214 524 363
106 3 0 287 363 524
107 3 0 300 522 430
108 3 0 296 457 417
109 3 0 280 417 457
110 3 0 321 364 431
111 3 0 251 393 510
112 3 0 42 397 700
113 3 0 322 366 434
114 3 0 444 500 631
115 3 0 253 583 526
116 3 0 253 379 540
117 3 0 219 385 437
118 3 0 272 574 400
119 3 0 258 432 408
120 3 0 279 442 396
121 3 0 283 396 442
122 3 0 223 369 478
123 3 0 455 634 597
124 3 0 88 355 436
125 3 0 345 518 520
126 3 0 293 520 518
127 3 0 382 535 426
128 3 0 253 540 389
129 3 0 467 265 680
130 3 0 343 562 401
131 3 0 42 43 397
132 3 0 296 367 457
133 3 0 220 457 367
134 3 0 264 466 352
135 3 0 343 696 562
136 3 0 316 707 377
137 3 0 265 727 680
138 3 0 222 455 597
139 3 0 239 679 627
140 3 0 221 432 359
141 3 0 306 512 534
142 3 0 316 633 707
143 3 0 249 373 516
144 3 0 89 462 355
145 3 0 97 470 354
146 3 0 22 573 371
147 3 0 353 652 439
148 3 0 357 559 515
149 3 0 559 282 515
150 3 0 238 684 629
151 3 0 72 694 401
152 3 0 664 223 486
153 3 0 375 664 486
154 3 0 370 565 418
155 3 0 56 57 384
156 3 0 291 519 352
157 3 0 217 494 374
158 3 0 646 252 478
159 3 0 369 646 478
160 3 0 290 451 489
161 3 0 298 413 439
162 3 0 209 439 413
163 3 0 271 606 642
164 3 0 71 72 401
165 3 0 111 112 377
166 3 0 298 439 455
167 3 0 256 455 439
168 3 0 96 354 507
169 3 0 213 431 364
170 3 0 251 376 400
171 3 0 351 498 739
172 3 0 360 603 545
173 3 0 57 430 384
174 3 0 328 393 611
175 3 0 234 611 393
176 3 0 296 545 603
177 3 0 244 527 355
178 3 0 214 434 366
179 3 0 262 424 511
180 3 0 273 691 361
181 3 0 221 465 408
182 3 0 344 700 397
183 3 0 248 737 357
184 3 0 81 360 545
185 3 0 244 355 529
186 3 0 267 485 569
187 3 0 257 381 408
188 3 0 259 387 404
189 3 0 225 415 489
190 3 0 356 538 14
191 3 0 680 356 14
192 3 0 221 359 723
193 3 0 106 107 398
194 3 0 353 439 713
195 3 0 445 652 719
196 3 0 266 481 561
197 3 0 310 415 571
198 3 0 304 585 386
199 3 0 259 404 475
200 3 0 31 32 380
201 3 0 75 558 561
202 3 0 39 552 569
203 3 0 256 439 652
204 3 0 273 361 464
205 3 0 262 511 489
206 3 0 272 375 574
207 3 0 214 517 434
208 3 0 272 376 472
209 3 0 216 472 376
210 3 0 82 501 360
211 3 0 83 528 501
212 3 0 318 672 427
213 3 0 224 453 441
214 3 0 212 368 438
215 3 0 256 652 445
216 3 0 317 390 632
217 3 0 295 410 555
218 3 0 305 385 454
219 3 0 327 473 600
220 3 0 352 690 474
221 3 0 318 427 678
222 3 0 221 697 358
223 3 0 219 454 385
224 3 0 67 68 712
225 3 0 343 401 694
226 3 0 219 387 454
227 3 0 309 427 526
228 3 0 253 526 427
229 3 0 228 362 744
230 3 0 278 581 488
231 3 0 218 416 577
232 3 0 321 577 416
233 3 0 260 564 404
234 3 0 370 514 644
235 3 0 644 514 233
236 3 0 299 484 406
237 3 0 274 406 484
238 3 0 300 405 483
239 3 0 275 483 405
240 3 0 210 469 547
241 3 0 271 499 606
242 3 0 313 540 547
243 3 0 469 668 547
244 3 0 11 12 392
245 3 0 22 23 573
246 3 0 521 578 751
247 3 0 287 524 571
248 3 0 272 472 369
249 3 0 288 441 453
250 3 0 383 712 612
251 3 0 261 375 486
252 3 0 348 388 625
253 3 0 56 384 592
254 3 0 86 531 361
255 3 0 44 45 396
256 3 0 220 367 475
257 3 0 313 389 540
258 3 0 229 461 520
259 3 0 69 70 399
260 3 0 345 663 651
261 3 0 359 661 550
262 3 0 224 441 391
263 3 0 235 632 390
264 3 0 352 466 575
265 3 0 286 562 416
266 3 0 226 425 616
267 3 0 216 407 472
268 3 0 365 724 425
269 3 0 255 425 724
270 3 0 254 600 473
271 3 0 209 713 439
272 3 0 9 10 420
273 3 0 50 51 504
274 3 0 54 55 406
275 3 0 59 60 405
276 3 0 333 610 561
277 3 0 66 712 383
278 3 0 270 383 612
279 3 0 262 391 441
280 3 0 257 576 381
281 3 0 258 381 577
282 3 0 63 64 502
283 3 0 232 578 521
284 3 0 323 488 581
285 3 0 217 427 445
286 3 0 309 445 427
287 3 0 231 382 714
288 3 0 228 483 638
289 3 0 224 449 614
290 3 0 250 522 362
291 3 0 347 675 458
292 3 0 260 387 579
293 3 0 332 614 569
294 3 0 333 561 558
295 3 0 223 664 369
296 3 0 423 560 622
297 3 0 307 725 582
298 3 0 425 596 616
299 3 0 225 451 610
300 3 0 332 569 552
301 3 0 86 361 691
302 3 0 228 525 362
303 3 0 337 456 494
304 3 0 307 476 725
305 3 0 285 534 512
306 3 0 3 417 80
307 3 0 712 350 612
308 3 0 109 503 386
309 3 0 293 560 423
310 3 0 254 433 422
311 3 0 290 364 684
312 3 0 261 461 375
313 3 0 57 58 430
314 3 0 385 595 437
315 3 0 228 638 551
316 3 0 245 560 536
317 3 0 354 536 560
318 3 0 266 451 440
319 3 0 290 440 451
320 3 0 259 454 387
321 3 0 222 597 628
322 3 0 375 461 574
323 3 0 254 566 433
324 3 0 346 485 701
325 3 0 29 372 555
326 3 0 250 362 645
327 3 0 320 368 653
328 3 0 287 674 363
329 3 0 224 614 554
330 3 0 326 465 662
331 3 0 289 366 679
332 3 0 215 365 559
333 3 0 282 559 365
334 3 0 358 662 465
335 3 0 268 453 554
336 3 0 259 475 668
337 3 0 749 557 349
338 3 0 379 557 749
339 3 0 282 365 658
340 3 0 267 449 443
341 3 0 289 443 449
342 3 0 225 610 549
343 3 0 336 693 393
344 3 0 10 647 420
345 3 0 215 570 365
346 3 0 299 592 384
347 3 0 221 408 432
348 3 0 374 494 563
349 3 0 241 550 661
350 3 0 239 687 701
351 3 0 269 452 549
352 3 0 274 742 428
353 3 0 288 453 448
354 3 0 268 448 453
355 3 0 296 603 367
356 3 0 102 103 488
357 3 0 292 419 525
358 3 0 461 663 520
359 3 0 64 716 502
360 3 0 239 701 443
361 3 0 266 440 696
362 3 0 273 495 691
363 3 0 336 393 726
364 3 0 307 501 528
365 3 0 35 683 378
366 3 0 275 429 741
367 3 0 264 546 395
368 3 0 272 369 664
369 3 0 274 504 742
370 3 0 254 473 566
371 3 0 328 566 473
372 3 0 286 416 711
373 3 0 217 374 678
374 3 0 227 402 512
375 3 0 285 512 402
376 3 0 317 669 390
377 3 0 268 698 448
378 3 0 325 587 492
379 3 0 227 490 556
380 3 0 379 672 557
381 3 0 348 625 703
382 3 0 249 639 491
383 3 0 269 703 450
384 3 0 282 395 515
385 3 0 230 515 395
386 3 0 277 586 378
387 3 0 358 543 662
388 3 0 351 695 499
389 3 0 287 452 450
390 3 0 269 450 452
391 3 0 262 441 424
392 3 0 336 624 693
393 3 0 69 399 505
394 3 0 3 545 417
395 3 0 22 371 580
396 3 0 275 741 502
397 3 0 306 534 479
398 3 0 312 433 566
399 3 0 356 572 538
400 3 0 315 538 572
401 3 0 325 659 587
402 3 0 305 602 385
403 3 0 247 385 602
404 3 0 270 667 383
405 3 0 249 516 708
406 3 0 416 562 629
407 3 0 241 698 550
408 3 0 708 330 647
409 3 0 234 393 693
410 3 0 357 515 403
411 3 0 260 517 564
412 3 0 66 67 712
413 3 0 235 553 632
414 3 0 268 554 731
415 3 0 263 493 410
416 3 0 33 34 740
417 3 0 34 480 740
418 3 0 350 505 660
419 3 0 306 498 490
420 3 0 271 490 498
421 3 0 223 478 617
422 3 0 304 471 398
423 3 0 270 460 551
424 3 0 416 500 711
425 3 0 249 491 692
426 3 0 490 642 556
427 3 0 215 373 643
428 3 0 463 622 613
429 3 0 219 446 579
430 3 0 322 579 446
431 3 0 212 666 368
432 3 0 297 478 418
433 3 0 252 418 478
434 3 0 392 708 647
435 3 0 302 622 463
436 3 0 278 398 471
437 3 0 29 671 372
438 3 0 382 509 714
439 3 0 276 505 399
440 3 0 216 376 510
441 3 0 220 404 564
442 3 0 367 603 705
443 3 0 31 380 619
444 3 0 106 398 618
445 3 0 288 424 441
446 3 0 265 630 409
447 3 0 255 509 382
448 3 0 326 601 479
449 3 0 269 549 734
450 3 0 112 649 377
451 3 0 257 408 465
452 3 0 322 434 706
453 3 0 295 555 372
454 3 0 270 612 459
455 3 0 314 615 377
456 3 0 111 377 615
457 3 0 246 705 603
458 3 0 0 8 591
459 3 0 0 591 113
460 3 0 311 371 620
461 3 0 321 431 704
462 3 0 337 494 719
463 3 0 311 580 371
464 3 0 330 420 647
465 3 0 219 437 446
466 3 0 277 446 437
467 3 0 240 662 543
468 3 0 340 642 606
469 3 0 249 692 373
470 3 0 220 475 404
471 3 0 335 648 373
472 3 0 324 564 517
473 3 0 274 484 556
474 3 0 272 664 375
475 3 0 270 459 460
476 3 0 292 460 459
477 3 0 295 553 374
478 3 0 326 662 601
479 3 0 46 394 530
480 3 0 280 625 388
481 3 0 324 517 656
482 3 0 363 656 517
483 3 0 295 374 563
484 3 0 229 676 400
485 3 0 296 417 545
486 3 0 342 689 495
487 3 0 247 390 669
488 3 0 343 694 481
489 3 0 328 510 393
490 3 0 341 605 412
491 3 0 87 88 436
492 3 0 318 557 672
493 3 0 282 506 395
494 3 0 308 544 497
495 3 0 229 520 423
496 3 0 293 423 520
497 3 0 299 384 608
498 3 0 250 608 384
499 3 0 380 669 619
500 3 0 13 538 537
501 3 0 342 495 751
502 3 0 291 575 411
503 3 0 348 487 699
504 3 0 346 732 485
505 3 0 11 392 647
506 3 0 316 377 649
507 3 0 294 730 412
508 3 0 221 723 442
509 3 0 105 618 447
510 3 0 362 522 744
511 3 0 230 403 515
512 3 0 222 628 464
513 3 0 258 431 710
514 3 0 280 388 541
515 3 0 79 541 388
516 3 0 231 572 477
517 3 0 344 482 700
518 3 0 277 378 539
519 3 0 210 547 540
520 3 0 240 739 498
521 3 0 277 539 446
522 3 0 262 489 415
523 3 0 356 680 727
524 3 0 238 562 696
525 3 0 89 90 462
526 3 0 276 660 505
527 3 0 359 550 723
528 3 0 109 110 503
529 3 0 223 568 486
530 3 0 360 582 603
531 3 0 97 98 470
532 3 0 253 672 379
533 3 0 358 697 543
534 3 0 105 106 618
535 3 0 233 514 567
536 3 0 283 532 396
537 3 0 44 396 532
538 3 0 209 418 565
539 3 0 251 400 548
540 3 0 226 658 425
541 3 0 324 468 626
542 3 0 327 567 514
543 3 0 70 542 399
544 3 0 286 399 542
545 3 0 258 577 704
546 3 0 267 701 485
547 3 0 246 603 582
548 3 0 35 36 683
549 3 0 66 383 667
550 3 0 314 377 707
551 3 0 92 93 458
552 3 0 260 579 706
553 3 0 260 434 517
554 3 0 257 702 576
555 3 0 327 514 407
556 3 0 226 466 506
557 3 0 411 575 616
558 3 0 218 500 416
559 3 0 90 496 462
560 3 0 337 719 652
561 3 0 45 530 396
562 3 0 43 532 397
563 3 0 95 96 507
564 3 0 35 378 586
565 3 0 253 427 672
566 3 0 15 16 467
567 3 0 218 381 576
568 3 0 218 577 381
569 3 0 431 659 710
570 3 0 311 600 422
571 3 0 254 422 600
572 3 0 82 83 501
573 3 0 251 548 414
574 3 0 32 588 380
575 3 0 288 448 492
576 3 0 241 492 448
577 3 0 279 530 394
578 3 0 419 729 525
579 3 0 264 395 745
580 3 0 12 537 392
581 3 0 313 688 389
582 3 0 53 641 428
583 3 0 61 429 640
584 3 0 279 396 530
585 3 0 308 565 644
586 3 0 370 644 565
587 3 0 95 507 518
588 3 0 219 579 387
589 3 0 247 595 385
590 3 0 310 524 508
591 3 0 214 508 524
592 3 0 94 95 518
593 3 0 224 391 598
594 3 0 231 722 382
595 3 0 245 536 411
596 3 0 291 411 536
597 3 0 100 101 474
598 3 0 307 528 578
599 3 0 342 578 528
600 3 0 308 644 544
601 3 0 251 726 393
602 3 0 283 397 532
603 3 0 248 636 386
604 3 0 304 386 636
605 3 0 721 248 386
606 3 0 265 736 630
607 3 0 263 410 563
608 3 0 295 563 410
609 3 0 279 394 543
610 3 0 300 593 405
611 3 0 59 405 593
612 3 0 55 592 406
613 3 0 299 406 592
614 3 0 284 462 496
615 3 0 213 511 424
616 3 0 389 688 583
617 3 0 274 641 406
618 3 0 275 405 640
619 3 0 688 232 583
620 3 0 98 519 470
621 3 0 19 433 637
622 3 0 73 74 481
623 3 0 251 414 726
624 3 0 294 573 730
625 3 0 40 41 482
626 3 0 315 537 538
627 3 0 329 475 705
628 3 0 367 705 475
629 3 0 107 585 398
630 3 0 304 398 585
631 3 0 230 395 546
632 3 0 229 400 574
633 3 0 277 480 586
634 3 0 414 738 726
635 3 0 37 38 485
636 3 0 270 513 667
637 3 0 278 715 447
638 3 0 76 77 487
639 3 0 334 628 597
640 3 0 217 678 427
641 3 0 263 494 456
642 3 0 317 619 669
643 3 0 83 84 528
644 3 0 620 754 233
645 3 0 90 91 496
646 3 0 283 550 397
647 3 0 226 506 658
648 3 0 477 572 727
649 3 0 317 632 671
650 3 0 247 602 390
651 3 0 754 544 233
652 3 0 222 464 533
653 3 0 71 401 542
654 3 0 303 535 722
655 3 0 382 722 535
656 3 0 280 541 417
657 3 0 400 676 548
658 3 0 278 618 398
659 3 0 28 29 555
660 3 0 244 435 527
661 3 0 312 590 523
662 3 0 338 523 590
663 3 0 309 597 634
664 3 0 407 646 472
665 3 0 281 531 436
666 3 0 53 54 641
667 3 0 60 61 640
668 3 0 237 660 444
669 3 0 4 495 85
670 3 0 286 542 401
671 3 0 278 488 715
672 3 0 231 491 572
673 3 0 315 572 491
674 3 0 374 743 678
675 3 0 24 682 412
676 3 0 211 426 535
677 3 0 291 470 519
678 3 0 54 406 641
679 3 0 60 640 405
680 3 0 45 46 530
681 3 0 98 99 519
682 3 0 285 419 534
683 3 0 212 534 419
684 3 0 351 739 394
685 3 0 329 668 475
686 3 0 262 657 391
687 3 0 409 630 693
688 3 0 294 412 605
689 3 0 342 751 578
690 3 0 227 512 490
691 3 0 306 490 512
692 3 0 18 19 637
693 3 0 279 543 697
694 3 0 12 13 537
695 3 0 48 49 499
696 3 0 274 428 641
697 3 0 275 640 429
698 3 0 693 630 234
699 3 0 284 421 529
700 3 0 244 529 421
701 3 0 17 18 523
702 3 0 486 568 665
703 3 0 263 563 494
704 3 0 280 468 625
705 3 0 372 671 632
706 3 0 276 399 711
707 3 0 68 69 505
708 3 0 225 571 415
709 3 0 334 583 521
710 3 0 232 521 583
711 3 0 280 457 626
712 3 0 290 489 511
713 3 0 32 33 588
714 3 0 341 735 605
715 3 0 286 401 562
716 3 0 245 622 560
717 3 0 86 87 531
718 3 0 355 462 529
719 3 0 284 529 462
720 3 0 308 594 713
721 3 0 221 442 697
722 3 0 264 685 546
723 3 0 280 626 468
724 3 0 292 655 666
725 3 0 286 711 399
726 3 0 80 417 541
727 3 0 250 645 402
728 3 0 293 507 560
729 3 0 354 560 507
730 3 0 215 559 623
731 3 0 357 623 559
732 3 0 293 518 507
733 3 0 99 690 519
734 3 0 290 684 440
735 3 0 39 40 552
736 3 0 75 76 558
737 3 0 302 414 548
738 3 0 74 75 561
739 3 0 236 456 670
740 3 0 337 670 456
741 3 0 38 39 569
742 3 0 281 527 435
743 3 0 339 638 502
744 3 0 275 502 638
745 3 0 319 437 595
746 3 0 245 411 613
747 3 0 301 613 411
748 3 0 355 527 436
749 3 0 281 436 527
750 3 0 365 425 658
751 3 0 339 502 716
752 3 0 297 421 617
753 3 0 281 435 533
754 3 0 92 458 675
755 3 0 292 525 460
756 3 0 228 460 525
757 3 0 289 679 443
758 3 0 255 596 425
759 3 0 87 436 531
760 3 0 91 675 496
761 3 0 21 22 580
762 3 0 101 102 599
763 3 0 354 470 536
764 3 0 291 536 470
765 3 0 255 426 596
766 3 0 392 639 708
767 3 0 16 654 467
768 3 0 315 491 639
769 3 0 284 496 665
770 3 0 347 665 496
771 3 0 49 50 606
772 3 0 446 539 627
773 3 0 330 733 420
774 3 0 250 402 608
775 3 0 284 568 421
776 3 0 352 519 690
777 3 0 58 593 430
778 3 0 300 430 593
779 3 0 288 587 424
780 3 0 210 540 749
781 3 0 379 749 540
782 3 0 298 681 435
783 3 0 327 407 720
784 3 0 216 720 407
785 3 0 318 678 743
786 3 0 93 94 651
787 3 0 79 80 541
788 3 0 43 44 532
789 3 0 281 750 531
790 3 0 229 574 461
791 3 0 331 509 570
792 3 0 249 708 639
793 3 0 14 15 680
794 3 0 100 474 690
795 3 0 278 471 581
796 3 0 347 496 675
797 3 0 309 526 597
798 3 0 334 597 526
799 3 0 218 631 500
800 3 0 225 452 571
801 3 0 24 25 682
802 3 0 248 403 636
803 3 0 304 636 403
804 3 0 227 635 402
805 3 0 329 547 668
806 3 0 4 86 691
807 3 0 467 654 736
808 3 0 212 419 666
809 3 0 73 481 694
810 3 0 285 402 645
811 3 0 41 700 482
812 3 0 311 422 686
813 3 0 368 666 655
814 3 0 29 30 671
815 3 0 237 444 653
816 3 0 320 653 444
817 3 0 77 699 487
818 3 0 252 646 407
819 3 0 746 609 297
820 3 0 413 609 746
821 3 0 224 598 449
822 3 0 283 723 550
823 3 0 301 411 616
824 3 0 287 450 674
825 3 0 278 447 618
826 3 0 244 421 609
827 3 0 297 609 421
828 3 0 298 621 413
829 3 0 213 424 587
830 3 0 209 413 746
831 3 0 85 495 689
832 3 0 70 71 542
833 3 0 212 479 534
834 3 0 24 412 730
835 3 0 217 719 494
836 3 0 13 14 538
837 3 0 268 731 482
838 3 0 230 581 471
839 3 0 9 420 650
840 3 0 316 650 420
841 3 0 225 549 452
842 3 0 209 746 418
843 3 0 48 499 695
844 3 0 307 578 476
845 3 0 232 476 578
846 3 0 301 596 426
847 3 0 331 692 491
848 3 0 224 554 453
849 3 0 20 686 422
850 3 0 211 738 414
851 3 0 294 605 497
852 3 0 297 418 746
853 3 0 226 616 575
854 3 0 321 416 629
855 3 0 353 713 594
856 3 0 228 551 460
857 3 0 361 531 750
858 3 0 269 734 487
859 3 0 289 717 508
860 3 0 336 726 738
861 3 0 341 412 682
862 3 0 273 751 495
863 3 0 262 415 657
864 3 0 310 657 415
865 3 0 324 656 468
866 3 0 243 468 656
867 3 0 3 81 545
868 3 0 285 729 419
869 3 0 292 459 655
870 3 0 302 423 622
871 3 0 316 420 633
872 3 0 65 66 667
873 3 0 292 666 419
874 3 0 287 571 452
875 3 0 302 676 423
876 3 0 40 482 552
877 3 0 227 556 484
878 3 0 216 473 720
879 3 0 20 422 709
880 3 0 247 669 677
881 3 0 244 621 435
882 3 0 256 445 634
883 3 0 309 634 445
884 3 0 74 561 481
885 3 0 378 683 687
886 3 0 76 487 558
887 3 0 294 497 544
888 3 0 226 575 466
889 3 0 243 703 625
890 3 0 298 435 621
891 3 0 229 423 676
892 3 0 38 569 485
893 3 0 429 748 741
894 3 0 748 62 741
895 3 0 53 428 747
896 3 0 61 748 429
897 3 0 288 492 587
898 3 0 360 501 582
899 3 0 64 65 716
900 3 0 210 607 469
901 3 0 305 469 607
902 3 0 52 747 742
903 3 0 312 637 433
904 3 0 380 677 669
905 3 0 289 449 598
906 3 0 34 35 586
907 3 0 428 742 747
908 3 0 267 614 449
909 3 0 104 447 715
910 3 0 257 718 438
911 3 0 266 610 451
912 3 0 34 586 480
913 3 0 65 667 513
914 3 0 308 497 594
915 3 0 236 594 497
916 3 0 213 659 431
917 3 0 482 731 552
918 3 0 107 108 585
919 3 0 212 673 479
920 3 0 326 479 673
921 3 0 33 740 588
922 3 0 276 711 500
923 3 0 258 704 431
924 3 0 222 681 455
925 3 0 325 492 661
926 3 0 241 661 492
927 3 0 313 725 476
928 3 0 313 547 589
929 3 0 329 589 547
930 3 0 110 615 503
931 3 0 314 503 615
932 3 0 289 598 717
933 3 0 55 56 592
934 3 0 58 59 593
935 3 0 464 750 533
936 3 0 320 444 631
937 3 0 258 710 432
938 3 0 435 681 533
939 3 0 297 617 478
940 3 0 346 687 683
941 3 0 422 433 709
942 3 0 19 709 433
943 3 0 346 701 687
944 3 0 237 459 612
945 3 0 260 706 434
946 3 0 466 745 506
947 3 0 322 446 627
948 3 0 487 734 558
949 3 0 301 463 613
950 3 0 37 485 732
951 3 0 8 9 650
952 3 0 112 113 649
953 3 0 310 717 657
954 3 0 101 599 474
955 3 0 213 587 659
956 3 0 319 752 437
957 3 0 334 526 583
958 3 0 220 626 457
959 3 0 245 613 622
960 3 0 330 708 516
961 3 0 301 616 596
962 3 0 306 479 601
963 3 0 277 437 752
964 3 0 327 600 567
965 3 0 312 566 611
966 3 0 20 21 686
967 3 0 275 638 483
968 3 0 65 513 716
969 3 0 103 104 715
970 3 0 212 438 673
971 3 0 256 634 455
972 3 0 374 553 743
973 3 0 17 523 654
974 3 0 338 654 523
975 3 0 307 582 501
976 3 0 391 657 717
977 3 0 299 635 484
978 3 0 110 111 615
979 3 0 230 546 581
980 3 0 243 625 468
981 3 0 345 520 663
982 3 0 273 464 628
983 3 0 257 438 702
984 3 0 276 444 660
985 3 0 30 31 619
986 3 0 362 525 729
987 3 0 300 483 744
988 3 0 238 440 684
989 3 0 238 696 440
990 3 0 239 443 679
991 3 0 314 721 503
992 3 0 279 697 442
993 3 0 353 670 652
994 3 0 283 442 723
995 3 0 267 443 701
996 3 0 312 611 590
997 3 0 217 445 719
998 3 0 306 601 498
999 3 0 240 498 601
1000 3 0 93 651 458
1001 3 0 211 535 624
1002 3 0 105 447 753
1003 3 0 104 753 447
1004 3 0 326 718 465
1005 3 0 386 503 721
1006 3 0 241 448 698
1007 3 0 243 674 450
1008 3 0 231 477 722
1009 3 0 373 648 516
1010 3 0 237 655 459
1011 3 0 242 707 633
1012 3 0 264 474 685
1013 3 0 236 497 605
1014 3 0 369 472 646
1015 3 0 261 663 461
1016 3 0 421 568 617
1017 3 0 257 465 718
1018 3 0 49 606 499
1019 3 0 298 455 681
1020 3 0 18 637 523
1021 3 0 243 450 703
1022 3 0 294 754 573
1023 3 0 371 573 754
1024 3 0 240 601 662
1025 3 0 327 720 473
1026 3 0 62 63 741
1027 3 0 236 735 456
1028 3 0 338 736 654
1029 3 0 238 629 562
1030 3 0 51 52 742
1031 3 0 509 724 570
1032 3 0 227 484 635
1033 3 0 264 745 466
1034 3 0 273 628 521
1035 3 0 334 521 628
1036 3 0 271 642 490
1037 3 0 10 11 647
1038 3 0 347 486 665
1039 3 0 259 668 469
1040 3 0 36 37 732
1041 3 0 15 467 680
1042 3 0 23 24 730
1043 3 0 16 17 654
1044 3 0 357 737 623
1045 3 0 361 750 464
1046 3 0 265 467 736
1047 3 0 232 688 476
1048 3 0 341 728 493
1049 3 0 394 739 543
1050 3 0 91 92 675
1051 3 0 311 620 567
1052 3 0 420 733 633
1053 3 0 392 537 639
1054 3 0 2 748 61
1055 3 0 1 747 52
1056 3 0 1 53 747
1057 3 0 2 62 748
1058 3 0 84 85 689
1059 3 0 25 26 728
1060 3 0 99 100 690
1061 3 0 72 73 694
1062 3 0 47 48 695
1063 3 0 231 714 491
1064 3 0 331 491 714
1065 3 0 77 78 699
1066 3 0 41 42 700
1067 3 0 342 528 689
1068 3 0 84 689 528
1069 3 0 19 20 709
1070 3 0 313 476 688
1071 3 0 323 581 546
1072 3 0 300 744 522
1073 3 0 314 707 604
1074 3 0 308 713 565
1075 3 0 5 753 104
1076 3 0 5 105 753
1077 3 0 311 686 580
1078 3 0 319 740 480
1079 3 0 277 752 480
1080 3 0 303 722 477
1081 3 0 265 477 727
1082 3 0 335 584 604
1083 3 0 319 480 752
1084 3 0 228 744 483
1085 3 0 103 715 488
1086 3 0 222 533 681
1087 3 0 282 658 506
1088 3 0 313 589 725
1089 3 0 356 727 572
1090 3 0 26 493 728
1091 3 0 4 691 495
1092 3 0 242 516 648
1093 3 0 246 582 725
1094 3 0 337 652 670
1095 3 0 335 604 648
1096 3 0 378 687 539
1097 3 0 310 508 717
1098 3 0 311 567 600
1099 3 0 314 584 721
1100 3 0 312 523 637
1101 3 0 323 546 685
1102 3 0 333 549 610
1103 3 0 303 624 535
1104 3 0 281 533 750
1105 3 0 239 627 539
1106 3 0 332 554 614
1107 3 0 328 611 566
1108 3 0 353 594 670
1109 3 0 317 671 619
1110 3 0 332 731 554
1111 3 0 236 605 735
1112 3 0 333 734 549
1113 3 0 8 650 591
1114 3 0 113 591 649
1115 3 0 63 502 741
1116 3 0 223 617 568
1117 3 0 331 714 509
1118 3 0 233 567 620
1119 3 0 51 742 504
1120 3 0 314 604 584
1121 3 0 395 506 745
1122 3 0 255 724 509
1123 3 0 339 716 513
1124 3 0 315 639 537
1125 3 0 234 630 590
1126 3 0 234 590 611
1127 3 0 302 548 676
1128 3 0 242 733 516
1129 3 0 299 608 635
1130 3 0 330 516 733
1131 3 0 233 544 644
1132 3 0 373 692 643
1133 3 0 331 570 643
1134 3 0 215 643 570
1135 3 0 320 631 576
1136 3 0 242 648 604
1137 3 0 244 609 621
1138 3 0 339 551 638
1139 3 0 413 621 609
1140 3 0 218 576 631
1141 3 0 325 710 659
1142 3 0 340 556 642
1143 3 0 211 624 738
1144 3 0 338 590 630
1145 3 0 247 677 595
1146 3 0 273 521 751
1147 3 0 338 630 736
1148 3 0 235 743 553
1149 3 0 235 557 743
1150 3 0 474 599 685
1151 3 0 239 539 687
1152 3 0 320 576 702
1153 3 0 284 665 568
1154 3 0 23 730 573
1155 3 0 402 635 608
1156 3 0 321 704 577
1157 3 0 316 649 591
1158 3 0 316 591 650
1159 3 0 322 706 579
1160 3 0 438 718 673
1161 3 0 246 589 705
1162 3 0 285 645 729
1163 3 0 362 729 645
1164 3 0 240 543 739
1165 3 0 236 670 594
1166 3 0 209 565 713
1167 3 0 332 552 731
1168 3 0 319 677 588
1169 3 0 380 588 677
1170 3 0 294 544 754
1171 3 0 21 580 686
1172 3 0 333 558 734
1173 3 0 319 595 677
1174 3 0 365 570 724
1175 3 0 341 682 728
1176 3 0 318 743 557
1177 3 0 30 619 671
1178 3 0 319 588 740
1179 3 0 323 685 599
1180 3 0 335 737 584
1181 3 0 329 705 589
1182 3 0 363 674 656
1183 3 0 243 656 674
1184 3 0 237 653 655
1185 3 0 368 655 653
1186 3 0 248 721 584
1187 3 0 36 732 683
1188 3 0 246 725 589
1189 3 0 248 584 737
1190 3 0 242 604 707
1191 3 0 391 717 598
1192 3 0 335 623 737
1193 3 0 210 749 607
1194 3 0 349 607 749
1195 3 0 371 754 620
1196 3 0 331 643 692
1197 3 0 336 738 624
1198 3 0 242 633 733
1199 3 0 326 673 718
1200 3 0 25 728 682
1201 3 0 346 683 732
1202 3 1 1285 932 954
1203 3 1 806 932 1285
1204 3 1 888 820 1124
1205 3 1 1262 1084 932
1206 3 1 1261 820 888
1207 3 1 1208 967 842
1208 3 1 929 967 1208
1209 3 1 806 1262 932
1210 3 1 927 1148 1268
1211 3 1 928 1269 1149
1212 3 1 1079 1011 760
1213 3 1 907 1011 1079
1214 3 1 1268 1148 149
1215 3 1 1269 173 1149
1216 3 1 766 901 1005
1217 3 1 1033 1172 1339
1218 3 1 761 1080 953
1219 3 1 794 895 1032
1220 3 1 864 1172 1033
1221 3 1 816 893 1164
1222 3 1 794 1211 906
1223 3 1 904 1130 1104
1224 3 1 825 916 970
1225 3 1 794 1082 895
1226 3 1 866 961 962
1227 3 1 764 947 1143
1228 3 1 760 997 903
1229 3 1 813 970 916
1230 3 1 1341 933 868
1231 3 1 871 1089 958
1232 3 1 815 922 966
1233 3 1 809 903 997
1234 3 1 779 1181 1004
1235 3 1 804 917 1073
1236 3 1 1260 992 814
1237 3 1 784 888 1124
1238 3 1 783 1123 887
1239 3 1 1202 1341 868
1240 3 1 822 1026 1085
1241 3 1 816 1044 893
1242 3 1 834 988 934
1243 3 1 835 935 989
1244 3 1 884 953 1080
1245 3 1 766 1049 901
1246 3 1 803 962 961
1247 3 1 785 896 1096
1248 3 1 783 1051 889
1249 3 1 784 890 1050
1250 3 1 786 967 929
1251 3 1 872 1004 1181
1252 3 1 811 934 988
1253 3 1 812 989 935
1254 3 1 826 966 922
1255 3 1 815 908 1018
1256 3 1 853 915 1160
1257 3 1 795 950 923
1258 3 1 867 1174 978
1259 3 1 783 887 1051
1260 3 1 784 1050 888
1261 3 1 836 944 993
1262 3 1 1334 945 1012
1263 3 1 895 1339 1172
1264 3 1 820 956 1006
1265 3 1 783 889 1159
1266 3 1 784 1158 890
1267 3 1 1019 1260 814
1268 3 1 761 1020 902
1269 3 1 168 906 1287
1270 3 1 856 908 1179
1271 3 1 789 1160 915
1272 3 1 804 1073 1263
1273 3 1 839 1107 973
1274 3 1 818 911 1312
1275 3 1 821 909 1207
1276 3 1 800 958 1089
1277 3 1 838 897 1059
1278 3 1 853 1062 915
1279 3 1 820 1261 1001
1280 3 1 207 208 1067
1281 3 1 856 1083 908
1282 3 1 947 1326 1143
1283 3 1 797 945 1334
1284 3 1 799 1245 902
1285 3 1 838 1024 897
1286 3 1 906 1211 957
1287 3 1 154 1309 905
1288 3 1 208 990 1067
1289 3 1 809 1031 903
1290 3 1 202 909 1065
1291 3 1 761 1086 969
1292 3 1 973 1107 1239
1293 3 1 760 903 1079
1294 3 1 768 924 1030
1295 3 1 858 938 1190
1296 3 1 867 978 1121
1297 3 1 824 903 1249
1298 3 1 855 931 1182
1299 3 1 854 1173 933
1300 3 1 813 994 911
1301 3 1 154 905 1036
1302 3 1 168 1037 906
1303 3 1 780 1039 925
1304 3 1 869 1176 995
1305 3 1 148 149 1148
1306 3 1 173 174 1149
1307 3 1 794 906 1118
1308 3 1 775 991 965
1309 3 1 823 1047 1028
1310 3 1 813 916 1010
1311 3 1 837 1104 1130
1312 3 1 1044 816 1315
1313 3 1 787 1007 1074
1314 3 1 817 1221 913
1315 3 1 815 1023 908
1316 3 1 769 948 1272
1317 3 1 152 934 1063
1318 3 1 170 1064 935
1319 3 1 791 1047 910
1320 3 1 767 914 1001
1321 3 1 761 902 1086
1322 3 1 901 1173 1134
1323 3 1 767 1038 914
1324 3 1 818 1312 982
1325 3 1 796 1340 937
1326 3 1 896 1145 1049
1327 3 1 1028 1047 1257
1328 3 1 796 959 1340
1329 3 1 815 1018 922
1330 3 1 874 998 1177
1331 3 1 819 1123 919
1332 3 1 785 1145 896
1333 3 1 815 913 1023
1334 3 1 819 919 1275
1335 3 1 904 1104 1252
1336 3 1 863 969 1086
1337 3 1 1315 816 990
1338 3 1 857 1203 1147
1339 3 1 202 1207 909
1340 3 1 813 921 994
1341 3 1 799 902 1258
1342 3 1 805 1110 987
1343 3 1 761 953 1020
1344 3 1 782 995 1176
1345 3 1 844 1026 1055
1346 3 1 843 1054 1025
1347 3 1 816 1263 920
1348 3 1 880 1074 1007
1349 3 1 821 1144 909
1350 3 1 135 136 960
1351 3 1 824 1079 903
1352 3 1 834 1036 905
1353 3 1 835 906 1037
1354 3 1 769 1272 1070
1355 3 1 914 1157 1154
1356 3 1 826 1051 1128
1357 3 1 800 1251 1039
1358 3 1 865 931 1197
1359 3 1 1154 1157 792
1360 3 1 827 965 991
1361 3 1 199 1021 1354
1362 3 1 123 1355 1022
1363 3 1 824 907 1079
1364 3 1 781 1177 998
1365 3 1 773 1172 977
1366 3 1 870 987 1110
1367 3 1 825 1056 916
1368 3 1 786 1204 1201
1369 3 1 933 1173 1234
1370 3 1 925 1039 1251
1371 3 1 923 1147 1203
1372 3 1 157 158 983
1373 3 1 883 975 1201
1374 3 1 839 983 1034
1375 3 1 817 913 1030
1376 3 1 825 1112 1050
1377 3 1 829 1034 983
1378 3 1 795 923 996
1379 3 1 822 1085 1009
1380 3 1 813 1010 921
1381 3 1 920 1263 1073
1382 3 1 840 1223 1101
1383 3 1 164 1059 1180
1384 3 1 937 1354 1021
1385 3 1 938 1022 1355
1386 3 1 147 1148 980
1387 3 1 136 1202 960
1388 3 1 175 981 1149
1389 3 1 786 1201 967
1390 3 1 880 1139 1259
1391 3 1 824 1042 907
1392 3 1 818 1038 911
1393 3 1 856 1179 999
1394 3 1 789 915 1043
1395 3 1 1320 1140 881
1396 3 1 912 1127 1257
1397 3 1 937 1340 1191
1398 3 1 773 977 984
1399 3 1 875 1031 1109
1400 3 1 147 148 1148
1401 3 1 174 175 1149
1402 3 1 769 940 1169
1403 3 1 931 1347 1197
1404 3 1 770 1170 941
1405 3 1 895 1172 1283
1406 3 1 167 168 1287
1407 3 1 763 1135 1012
1408 3 1 796 937 1346
1409 3 1 797 1345 938
1410 3 1 854 1134 1173
1411 3 1 793 1072 948
1412 3 1 757 987 1097
1413 3 1 995 1140 1320
1414 3 1 795 1069 950
1415 3 1 826 922 1057
1416 3 1 768 1017 924
1417 3 1 811 927 1063
1418 3 1 812 1064 928
1419 3 1 811 1063 934
1420 3 1 812 935 1064
1421 3 1 932 1221 1316
1422 3 1 817 1316 1221
1423 3 1 887 1128 1051
1424 3 1 856 999 1165
1425 3 1 822 978 1174
1426 3 1 847 1043 974
1427 3 1 1280 1039 875
1428 3 1 840 969 1077
1429 3 1 842 984 977
1430 3 1 931 1293 1182
1431 3 1 801 1002 951
1432 3 1 840 996 1223
1433 3 1 802 952 1003
1434 3 1 902 1245 1086
1435 3 1 820 1006 1161
1436 3 1 888 1050 1112
1437 3 1 834 934 1241
1438 3 1 835 1242 935
1439 3 1 811 1148 927
1440 3 1 812 928 1149
1441 3 1 937 1191 1354
1442 3 1 938 1355 1190
1443 3 1 773 984 1024
1444 3 1 834 905 1117
1445 3 1 968 1328 1157
1446 3 1 835 1118 906
1447 3 1 807 986 1066
1448 3 1 958 1039 1280
1449 3 1 120 1178 926
1450 3 1 891 1012 1135
1451 3 1 824 1155 1213
1452 3 1 950 1069 1265
1453 3 1 809 1109 1031
1454 3 1 977 1172 1250
1455 3 1 816 955 1263
1456 3 1 797 938 1081
1457 3 1 804 1209 917
1458 3 1 810 1201 975
1459 3 1 769 1075 988
1460 3 1 824 1213 1042
1461 3 1 770 989 1076
1462 3 1 870 1097 987
1463 3 1 867 1301 945
1464 3 1 786 942 1183
1465 3 1 140 1035 985
1466 3 1 784 1124 1235
1467 3 1 783 1236 1123
1468 3 1 837 1020 953
1469 3 1 869 995 1008
1470 3 1 912 1319 1127
1471 3 1 772 1116 961
1472 3 1 788 1144 1062
1473 3 1 806 1077 969
1474 3 1 782 1140 995
1475 3 1 800 1039 958
1476 3 1 780 925 1141
1477 3 1 756 968 1108
1478 3 1 781 998 1146
1479 3 1 998 1327 1146
1480 3 1 115 116 1048
1481 3 1 120 926 1102
1482 3 1 816 920 1067
1483 3 1 868 960 1202
1484 3 1 944 1139 993
1485 3 1 961 1116 1162
1486 3 1 879 1171 1091
1487 3 1 813 911 1125
1488 3 1 162 163 975
1489 3 1 781 971 1150
1490 3 1 782 1153 972
1491 3 1 182 986 1040
1492 3 1 1091 1171 1332
1493 3 1 791 910 1120
1494 3 1 844 918 1325
1495 3 1 855 1105 931
1496 3 1 937 1021 1346
1497 3 1 938 1345 1022
1498 3 1 786 929 1119
1499 3 1 116 1247 1048
1500 3 1 815 1093 913
1501 3 1 930 1144 1233
1502 3 1 819 1006 956
1503 3 1 923 950 1147
1504 3 1 854 933 1092
1505 3 1 844 1085 1026
1506 3 1 924 1200 1030
1507 3 1 807 1008 995
1508 3 1 154 155 1309
1509 3 1 901 1134 1005
1510 3 1 756 954 1142
1511 3 1 821 1207 1029
1512 3 1 855 1066 986
1513 3 1 3 114 1114
1514 3 1 140 141 1035
1515 3 1 782 1176 1153
1516 3 1 896 1049 1305
1517 3 1 786 1183 1204
1518 3 1 797 1081 945
1519 3 1 157 983 1094
1520 3 1 930 1062 1144
1521 3 1 199 200 1021
1522 3 1 122 123 1022
1523 3 1 793 1107 936
1524 3 1 836 1115 944
1525 3 1 781 1150 1177
1526 3 1 1236 843 919
1527 3 1 844 1235 918
1528 3 1 152 1241 934
1529 3 1 170 935 1242
1530 3 1 793 936 1072
1531 3 1 895 1283 1032
1532 3 1 843 1189 919
1533 3 1 889 963 1159
1534 3 1 890 1158 964
1535 3 1 873 1122 991
1536 3 1 778 1055 1026
1537 3 1 777 1025 1054
1538 3 1 858 1081 938
1539 3 1 820 1154 956
1540 3 1 819 956 1126
1541 3 1 1328 899 1157
1542 3 1 1233 1144 821
1543 3 1 865 939 1258
1544 3 1 880 1259 1074
1545 3 1 151 152 1063
1546 3 1 170 171 1064
1547 3 1 823 1281 1251
1548 3 1 181 182 1040
1549 3 1 918 1235 1124
1550 3 1 919 1123 1236
1551 3 1 771 1196 944
1552 3 1 778 945 1220
1553 3 1 816 1164 955
1554 3 1 861 1108 982
1555 3 1 845 1045 951
1556 3 1 846 952 1046
1557 3 1 828 1049 1145
1558 3 1 825 970 1112
1559 3 1 824 1249 1058
1560 3 1 778 1244 945
1561 3 1 769 1070 940
1562 3 1 770 941 1071
1563 3 1 164 165 1059
1564 3 1 1163 1304 1005
1565 3 1 811 980 1148
1566 3 1 812 1149 981
1567 3 1 82 1068 83
1568 3 1 3 1114 81
1569 3 1 860 1217 1000
1570 3 1 871 958 1335
1571 3 1 768 1093 966
1572 3 1 823 1251 1331
1573 3 1 166 1287 957
1574 3 1 756 1108 1267
1575 3 1 811 1075 980
1576 3 1 812 981 1076
1577 3 1 896 1310 1096
1578 3 1 860 1000 1224
1579 3 1 897 1180 1059
1580 3 1 135 960 1041
1581 3 1 771 944 1115
1582 3 1 799 1258 939
1583 3 1 787 1234 1173
1584 3 1 837 1130 1214
1585 3 1 925 1251 1281
1586 3 1 807 1040 986
1587 3 1 945 1301 1012
1588 3 1 847 926 1298
1589 3 1 83 1068 1349
1590 3 1 943 1129 1286
1591 3 1 984 1230 1024
1592 3 1 755 1257 1127
1593 3 1 156 973 1309
1594 3 1 821 1029 1209
1595 3 1 1027 1175 1203
1596 3 1 778 1026 1244
1597 3 1 1005 1304 766
1598 3 1 845 951 1270
1599 3 1 764 1233 947
1600 3 1 846 1271 952
1601 3 1 867 945 1244
1602 3 1 760 1192 929
1603 3 1 882 1121 978
1604 3 1 769 1169 1075
1605 3 1 770 1076 1170
1606 3 1 791 953 1253
1607 3 1 837 1214 1020
1608 3 1 843 1025 1009
1609 3 1 1026 1174 1244
1610 3 1 798 1139 944
1611 3 1 943 1286 1324
1612 3 1 801 1045 940
1613 3 1 802 941 1046
1614 3 1 991 1122 1248
1615 3 1 914 1038 1279
1616 3 1 761 969 1080
1617 3 1 819 1275 1006
1618 3 1 847 1102 926
1619 3 1 859 1191 1340
1620 3 1 818 982 1108
1621 3 1 948 1072 1272
1622 3 1 886 1146 1327
1623 3 1 834 1241 1036
1624 3 1 835 1037 1242
1625 3 1 804 947 1209
1626 3 1 857 1027 1203
1627 3 1 774 1023 1221
1628 3 1 865 1350 939
1629 3 1 853 1329 1193
1630 3 1 786 1119 942
1631 3 1 840 1077 996
1632 3 1 791 1120 953
1633 3 1 760 929 1208
1634 3 1 801 951 1045
1635 3 1 802 1046 952
1636 3 1 773 1283 1172
1637 3 1 767 970 1125
1638 3 1 187 1088 939
1639 3 1 908 1284 1018
1640 3 1 840 1080 969
1641 3 1 826 1128 966
1642 3 1 822 1025 978
1643 3 1 820 1001 1154
1644 3 1 943 1331 1251
1645 3 1 917 1209 1029
1646 3 1 764 1256 1233
1647 3 1 845 980 1075
1648 3 1 868 933 1234
1649 3 1 846 1076 981
1650 3 1 798 944 1099
1651 3 1 844 1055 1015
1652 3 1 843 1016 1054
1653 3 1 807 1066 1008
1654 3 1 771 1312 994
1655 3 1 837 953 1120
1656 3 1 762 950 1265
1657 3 1 822 1009 1025
1658 3 1 898 1028 1206
1659 3 1 865 1293 931
1660 3 1 808 985 1035
1661 3 1 883 1185 975
1662 3 1 910 1047 1331
1663 3 1 830 1159 963
1664 3 1 831 964 1158
1665 3 1 946 1305 1304
1666 3 1 765 1252 1104
1667 3 1 884 1253 953
1668 3 1 777 978 1025
1669 3 1 841 1162 1116
1670 3 1 838 1184 957
1671 3 1 898 1141 1028
1672 3 1 868 1259 960
1673 3 1 787 1173 1136
1674 3 1 796 1297 959
1675 3 1 770 1359 949
1676 3 1 780 1311 1039
1677 3 1 906 957 1287
1678 3 1 819 1126 1017
1679 3 1 187 939 1350
1680 3 1 913 1221 1023
1681 3 1 131 132 1010
1682 3 1 756 1321 954
1683 3 1 155 156 1309
1684 3 1 930 1233 1256
1685 3 1 836 1265 1069
1686 3 1 940 1045 1169
1687 3 1 841 942 1119
1688 3 1 941 1170 1046
1689 3 1 974 1043 1229
1690 3 1 756 1328 968
1691 3 1 1061 1321 1267
1692 3 1 814 974 1255
1693 3 1 863 999 1084
1694 3 1 779 1264 955
1695 3 1 156 1094 973
1696 3 1 776 1175 979
1697 3 1 772 961 1210
1698 3 1 818 1279 1038
1699 3 1 190 191 1018
1700 3 1 884 1080 1101
1701 3 1 932 1316 954
1702 3 1 911 994 1312
1703 3 1 794 949 1082
1704 3 1 792 1126 956
1705 3 1 827 1277 965
1706 3 1 901 1136 1173
1707 3 1 755 1206 1028
1708 3 1 944 1196 1099
1709 3 1 798 1259 1139
1710 3 1 774 999 1179
1711 3 1 996 1077 1300
1712 3 1 762 1147 950
1713 3 1 195 1199 963
1714 3 1 127 964 1198
1715 3 1 1342 1145 785
1716 3 1 793 948 1117
1717 3 1 794 1118 949
1718 3 1 866 962 1254
1719 3 1 805 987 1138
1720 3 1 792 956 1154
1721 3 1 914 1154 1001
1722 3 1 798 960 1259
1723 3 1 799 939 1165
1724 3 1 1243 848 940
1725 3 1 1246 941 849
1726 3 1 946 1304 1137
1727 3 1 790 1182 1293
1728 3 1 768 1030 1093
1729 3 1 796 1091 1098
1730 3 1 166 167 1287
1731 3 1 762 993 1228
1732 3 1 827 1310 1277
1733 3 1 780 1141 1058
1734 3 1 801 940 1187
1735 3 1 802 1188 941
1736 3 1 120 121 1178
1737 3 1 816 1067 990
1738 3 1 853 1135 1329
1739 3 1 125 126 1013
1740 3 1 196 197 1014
1741 3 1 880 1228 993
1742 3 1 205 206 1073
1743 3 1 166 957 1184
1744 3 1 866 1210 961
1745 3 1 1028 1141 1281
1746 3 1 163 1180 975
1747 3 1 915 1062 1256
1748 3 1 162 975 1185
1749 3 1 848 1187 940
1750 3 1 849 941 1188
1751 3 1 908 1023 1179
1752 3 1 841 1116 942
1753 3 1 976 1145 1342
1754 3 1 850 1127 1319
1755 3 1 829 983 1294
1756 3 1 916 1056 1336
1757 3 1 840 1101 1080
1758 3 1 775 965 1224
1759 3 1 774 1084 999
1760 3 1 889 1194 963
1761 3 1 890 964 1195
1762 3 1 830 963 1199
1763 3 1 831 1198 964
1764 3 1 769 1276 948
1765 3 1 770 949 1278
1766 3 1 839 1094 983
1767 3 1 815 966 1093
1768 3 1 1279 818 1108
1769 3 1 799 1165 999
1770 3 1 206 1313 1073
1771 3 1 968 1279 1108
1772 3 1 756 1142 1328
1773 3 1 813 1125 970
1774 3 1 892 1098 1091
1775 3 1 894 1204 1183
1776 3 1 134 135 1041
1777 3 1 859 1151 1014
1778 3 1 858 1013 1152
1779 3 1 1143 1229 764
1780 3 1 147 980 1131
1781 3 1 175 1132 981
1782 3 1 902 1103 1258
1783 3 1 898 1058 1141
1784 3 1 974 1229 1143
1785 3 1 774 1221 1084
1786 3 1 932 1084 1221
1787 3 1 195 963 1194
1788 3 1 127 1195 964
1789 3 1 838 957 1211
1790 3 1 762 1265 993
1791 3 1 847 992 1299
1792 3 1 883 1201 1204
1793 3 1 201 202 1065
1794 3 1 979 1175 1319
1795 3 1 907 1042 1000
1796 3 1 830 1016 1159
1797 3 1 831 1158 1015
1798 3 1 817 1030 1200
1799 3 1 1090 1333 1237
1800 3 1 779 955 1164
1801 3 1 767 1125 1038
1802 3 1 203 204 1029
1803 3 1 179 180 1078
1804 3 1 775 1213 991
1805 3 1 878 1090 1237
1806 3 1 922 1357 1057
1807 3 1 808 998 1163
1808 3 1 810 1230 984
1809 3 1 808 1163 1005
1810 3 1 842 967 1323
1811 3 1 795 1061 1069
1812 3 1 900 1321 1061
1813 3 1 131 1010 1336
1814 3 1 859 1014 1191
1815 3 1 858 1190 1013
1816 3 1 848 971 1187
1817 3 1 849 1188 972
1818 3 1 899 1292 1157
1819 3 1 1312 771 1115
1820 3 1 804 1326 947
1821 3 1 775 1000 1042
1822 3 1 839 973 1094
1823 3 1 946 1277 1310
1824 3 1 811 988 1075
1825 3 1 812 1076 989
1826 3 1 153 154 1036
1827 3 1 168 169 1037
1828 3 1 778 1152 1055
1829 3 1 777 1054 1151
1830 3 1 830 1014 1151
1831 3 1 831 1152 1013
1832 3 1 119 120 1102
1833 3 1 140 985 1356
1834 3 1 894 1183 1060
1835 3 1 982 1312 1115
1836 3 1 847 974 1240
1837 3 1 182 1348 986
1838 3 1 828 1111 1007
1839 3 1 974 1143 1255
1840 3 1 873 991 1213
1841 3 1 801 1187 1231
1842 3 1 802 1232 1188
1843 3 1 767 1112 970
1844 3 1 803 1217 962
1845 3 1 875 1311 1031
1846 3 1 848 1150 971
1847 3 1 808 1134 985
1848 3 1 849 972 1153
1849 3 1 787 1136 1007
1850 3 1 861 982 1308
1851 3 1 768 966 1128
1852 3 1 117 1019 1247
1853 3 1 829 1060 1183
1854 3 1 158 1294 983
1855 3 1 766 1305 1049
1856 3 1 191 1357 1018
1857 3 1 860 1138 987
1858 3 1 142 143 1087
1859 3 1 828 976 1111
1860 3 1 771 994 1196
1861 3 1 904 1066 1182
1862 3 1 845 1270 1131
1863 3 1 846 1132 1271
1864 3 1 855 1182 1066
1865 3 1 803 961 1162
1866 3 1 160 161 1100
1867 3 1 842 977 1322
1868 3 1 823 1331 1047
1869 3 1 806 969 1262
1870 3 1 916 1336 1010
1871 3 1 798 1222 960
1872 3 1 810 984 1323
1873 3 1 803 1351 1000
1874 3 1 1008 1066 1252
1875 3 1 861 1069 1061
1876 3 1 830 1054 1016
1877 3 1 831 1015 1055
1878 3 1 971 1231 1187
1879 3 1 972 1188 1232
1880 3 1 759 1161 1006
1881 3 1 862 1143 1326
1882 3 1 775 1224 1000
1883 3 1 871 1153 1176
1884 3 1 842 1323 984
1885 3 1 801 1231 1002
1886 3 1 802 1003 1232
1887 3 1 828 1145 976
1888 3 1 921 1010 1358
1889 3 1 829 1294 1060
1890 3 1 777 1273 978
1891 3 1 766 1304 1305
1892 3 1 833 1052 1033
1893 3 1 922 1018 1357
1894 3 1 907 1000 1351
1895 3 1 190 1018 1284
1896 3 1 116 117 1247
1897 3 1 820 1161 1124
1898 3 1 924 1017 1126
1899 3 1 900 1300 1077
1900 3 1 807 1320 1040
1901 3 1 870 1177 1150
1902 3 1 776 979 1353
1903 3 1 892 1193 1329
1904 3 1 830 1199 1014
1905 3 1 831 1013 1198
1906 3 1 945 1081 1220
1907 3 1 132 1358 1010
1908 3 1 921 1113 1318
1909 3 1 838 1059 1184
1910 3 1 924 1126 1292
1911 3 1 129 130 1056
1912 3 1 192 193 1057
1913 3 1 759 1009 1085
1914 3 1 854 985 1134
1915 3 1 770 1071 1359
1916 3 1 156 157 1094
1917 3 1 920 1073 1313
1918 3 1 839 1034 1205
1919 3 1 126 127 1198
1920 3 1 195 196 1199
1921 3 1 885 1133 1096
1922 3 1 814 1240 974
1923 3 1 765 1324 1286
1924 3 1 845 1131 980
1925 3 1 846 981 1132
1926 3 1 758 1033 1052
1927 3 1 202 203 1207
1928 3 1 125 1013 1190
1929 3 1 197 1191 1014
1930 3 1 179 1078 1216
1931 3 1 760 1011 1192
1932 3 1 144 1002 1215
1933 3 1 178 1216 1003
1934 3 1 777 1151 1266
1935 3 1 187 188 1088
1936 3 1 863 1262 969
1937 3 1 769 988 1276
1938 3 1 770 1278 989
1939 3 1 778 1220 1152
1940 3 1 772 1034 1225
1941 3 1 895 1082 1339
1942 3 1 772 1225 1116
1943 3 1 844 1325 1085
1944 3 1 756 1267 1321
1945 3 1 809 1322 977
1946 3 1 882 978 1273
1947 3 1 841 1011 1162
1948 3 1 146 147 1131
1949 3 1 175 176 1132
1950 3 1 781 1296 971
1951 3 1 847 1299 1102
1952 3 1 782 972 1288
1953 3 1 918 1124 1161
1954 3 1 921 1318 994
1955 3 1 194 1194 1166
1956 3 1 128 1167 1195
1957 3 1 857 976 1342
1958 3 1 785 1096 1133
1959 3 1 880 993 1139
1960 3 1 139 140 1356
1961 3 1 854 1356 985
1962 3 1 921 1358 1113
1963 3 1 182 183 1348
1964 3 1 757 1219 987
1965 3 1 923 1223 996
1966 3 1 193 194 1166
1967 3 1 128 129 1167
1968 3 1 810 975 1307
1969 3 1 757 1053 1156
1970 3 1 893 1349 1068
1971 3 1 805 1138 1277
1972 3 1 876 1146 1087
1973 3 1 857 1289 976
1974 3 1 834 1276 988
1975 3 1 835 989 1278
1976 3 1 965 1277 1138
1977 3 1 792 1292 1126
1978 3 1 852 1041 1222
1979 3 1 847 1240 992
1980 3 1 204 1343 1029
1981 3 1 803 1000 1217
1982 3 1 808 1005 1134
1983 3 1 779 1095 1181
1984 3 1 834 1117 1276
1985 3 1 835 1278 1118
1986 3 1 855 986 1348
1987 3 1 864 1250 1172
1988 3 1 876 1002 1231
1989 3 1 877 1232 1003
1990 3 1 809 977 1250
1991 3 1 917 1029 1343
1992 3 1 800 1129 1251
1993 3 1 208 1317 990
1994 3 1 828 1007 1136
1995 3 1 872 1048 1247
1996 3 1 962 1217 1219
1997 3 1 188 189 1083
1998 3 1 118 1299 992
1999 3 1 860 987 1219
2000 3 1 877 1078 1140
2001 3 1 864 1033 1186
2002 3 1 186 187 1350
2003 3 1 799 999 1245
2004 3 1 839 1205 1107
2005 3 1 951 1002 1290
2006 3 1 952 1291 1003
2007 3 1 192 1057 1357
2008 3 1 793 1239 1107
2009 3 1 143 1215 1087
2010 3 1 885 1248 1122
2011 3 1 760 1208 997
2012 3 1 138 139 1092
2013 3 1 913 1093 1030
2014 3 1 130 1336 1056
2015 3 1 843 1009 1189
2016 3 1 885 1127 1133
2017 3 1 755 1127 1122
2018 3 1 809 997 1322
2019 3 1 874 1163 998
2020 3 1 863 1245 999
2021 3 1 843 1236 1016
2022 3 1 844 1015 1235
2023 3 1 838 1211 1032
2024 3 1 948 1276 1117
2025 3 1 949 1118 1278
2026 3 1 143 144 1215
2027 3 1 178 179 1216
2028 3 1 152 153 1241
2029 3 1 169 170 1242
2030 3 1 908 1083 1284
2031 3 1 909 1144 1171
2032 3 1 847 1298 1043
2033 3 1 886 1087 1146
2034 3 1 814 992 1240
2035 3 1 939 1088 1165
2036 3 1 885 1122 1127
2037 3 1 784 1015 1158
2038 3 1 783 1159 1016
2039 3 1 808 1035 1327
2040 3 1 134 1041 1113
2041 3 1 943 1251 1129
2042 3 1 183 184 1105
2043 3 1 875 1109 1186
2044 3 1 873 1213 1155
2045 3 1 860 1219 1217
2046 3 1 827 1096 1310
2047 3 1 758 1186 1033
2048 3 1 788 1332 1171
2049 3 1 904 1182 1130
2050 3 1 852 1318 1113
2051 3 1 852 1113 1041
2052 3 1 902 1214 1103
2053 3 1 133 134 1113
2054 3 1 788 1171 1144
2055 3 1 127 128 1195
2056 3 1 194 195 1194
2057 3 1 838 1283 1024
2058 3 1 869 1089 1176
2059 3 1 144 1290 1002
2060 3 1 178 1003 1291
2061 3 1 779 1164 1095
2062 3 1 838 1032 1283
2063 3 1 118 992 1260
2064 3 1 6 1268 149
2065 3 1 7 173 1269
2066 3 1 83 1349 84
2067 3 1 891 1135 1160
2068 3 1 912 1257 1047
2069 3 1 188 1083 1088
2070 3 1 856 1088 1083
2071 3 1 881 1140 1078
2072 3 1 6 150 1268
2073 3 1 7 1269 172
2074 3 1 759 1189 1009
2075 3 1 955 1264 1168
2076 3 1 850 1133 1127
2077 3 1 790 1103 1214
2078 3 1 807 995 1320
2079 3 1 911 1038 1125
2080 3 1 841 1192 1011
2081 3 1 886 1327 1035
2082 3 1 862 1004 1255
2083 3 1 852 1222 1099
2084 3 1 160 1100 1295
2085 3 1 862 1264 1004
2086 3 1 84 1349 1044
2087 3 1 931 1105 1347
2088 3 1 158 159 1294
2089 3 1 785 1133 1027
2090 3 1 856 1165 1088
2091 3 1 850 1027 1133
2092 3 1 869 1008 1286
2093 3 1 767 1001 1261
2094 3 1 853 1160 1135
2095 3 1 808 1327 998
2096 3 1 790 1130 1182
2097 3 1 933 1341 1092
2098 3 1 827 991 1248
2099 3 1 851 1095 1068
2100 3 1 836 993 1265
2101 3 1 898 1206 1155
2102 3 1 881 1040 1320
2103 3 1 200 1212 1021
2104 3 1 784 1235 1015
2105 3 1 783 1016 1236
2106 3 1 779 1004 1264
2107 3 1 850 1319 1175
2108 3 1 893 1068 1095
2109 3 1 795 996 1300
2110 3 1 901 1049 1136
2111 3 1 758 1052 1106
2112 3 1 893 1095 1164
2113 3 1 912 1047 1344
2114 3 1 910 1104 1120
2115 3 1 848 1053 1097
2116 3 1 189 1284 1083
2117 3 1 889 1166 1194
2118 3 1 890 1195 1167
2119 3 1 126 1198 1013
2120 3 1 196 1014 1199
2121 3 1 833 1246 1052
2122 3 1 832 1053 1243
2123 3 1 894 1100 1204
2124 3 1 759 1325 1161
2125 3 1 936 1205 1210
2126 3 1 145 1270 1290
2127 3 1 177 1291 1271
2128 3 1 930 1256 1062
2129 3 1 883 1204 1100
2130 3 1 898 1155 1058
2131 3 1 757 1097 1053
2132 3 1 159 160 1295
2133 3 1 774 1179 1023
2134 3 1 165 166 1184
2135 3 1 159 1060 1294
2136 3 1 877 1216 1078
2137 3 1 879 1021 1212
2138 3 1 138 1092 1341
2139 3 1 800 1089 1129
2140 3 1 792 1157 1292
2141 3 1 804 1263 1168
2142 3 1 874 1177 1110
2143 3 1 876 1215 1002
2144 3 1 877 1003 1216
2145 3 1 975 1180 1307
2146 3 1 805 1277 1137
2147 3 1 833 1071 1246
2148 3 1 851 1274 1048
2149 3 1 121 122 1238
2150 3 1 828 1136 1049
2151 3 1 791 1344 1047
2152 3 1 757 1156 1254
2153 3 1 902 1020 1214
2154 3 1 763 1012 1301
2155 3 1 829 1183 1225
2156 3 1 184 1347 1105
2157 3 1 849 1106 1052
2158 3 1 872 1306 1004
2159 3 1 765 1286 1008
2160 3 1 145 146 1270
2161 3 1 176 177 1271
2162 3 1 133 1113 1358
2163 3 1 842 1322 1208
2164 3 1 875 1186 1280
2165 3 1 869 1129 1089
2166 3 1 850 1175 1027
2167 3 1 886 1035 1227
2168 3 1 772 1210 1205
2169 3 1 832 1243 1070
2170 3 1 1098 1329 1352
2171 3 1 117 1260 1019
2172 3 1 814 1255 1306
2173 3 1 165 1184 1059
2174 3 1 159 1295 1060
2175 3 1 822 1174 1026
2176 3 1 837 1120 1104
2177 3 1 872 1181 1048
2178 3 1 892 1329 1098
2179 3 1 880 1007 1228
2180 3 1 118 119 1299
2181 3 1 832 1072 1226
2182 3 1 814 1306 1019
2183 3 1 955 1168 1263
2184 3 1 876 1087 1215
2185 3 1 141 1227 1035
2186 3 1 915 1229 1043
2187 3 1 881 1218 1040
2188 3 1 768 1330 1017
2189 3 1 946 1137 1277
2190 3 1 124 125 1190
2191 3 1 197 198 1191
2192 3 1 765 1008 1252
2193 3 1 942 1225 1183
2194 3 1 144 145 1290
2195 3 1 177 178 1291
2196 3 1 203 1029 1207
2197 3 1 1011 1351 1162
2198 3 1 905 1239 1117
2199 3 1 997 1208 1322
2200 3 1 879 1212 1065
2201 3 1 897 1024 1230
2202 3 1 832 1156 1053
2203 3 1 1004 1306 1255
2204 3 1 875 1039 1311
2205 3 1 845 1169 1045
2206 3 1 846 1046 1170
2207 3 1 185 186 1197
2208 3 1 805 1137 1110
2209 3 1 865 1197 1350
2210 3 1 824 1058 1155
2211 3 1 951 1290 1270
2212 3 1 952 1271 1291
2213 3 1 136 137 1202
2214 3 1 821 1209 1233
2215 3 1 181 1040 1218
2216 3 1 830 1151 1054
2217 3 1 831 1055 1152
2218 3 1 759 1006 1275
2219 3 1 201 1065 1212
2220 3 1 163 164 1180
2221 3 1 794 1032 1211
2222 3 1 851 1068 1282
2223 3 1 873 1155 1206
2224 3 1 161 162 1185
2225 3 1 891 1334 1012
2226 3 1 200 201 1212
2227 3 1 122 1022 1238
2228 3 1 904 1252 1066
2229 3 1 851 1114 1274
2230 3 1 982 1115 1308
2231 3 1 863 1084 1262
2232 3 1 1007 1111 1228
2233 3 1 180 181 1218
2234 3 1 857 1342 1027
2235 3 1 206 207 1313
2236 3 1 874 1110 1137
2237 3 1 940 1070 1243
2238 3 1 185 1197 1347
2239 3 1 907 1351 1011
2240 3 1 826 1057 1337
2241 3 1 825 1338 1056
2242 3 1 137 1341 1202
2243 3 1 879 1346 1021
2244 3 1 878 1022 1345
2245 3 1 833 1033 1339
2246 3 1 872 1019 1306
2247 3 1 854 1092 1356
2248 3 1 793 1117 1239
2249 3 1 141 142 1227
2250 3 1 124 1190 1355
2251 3 1 198 1354 1191
2252 3 1 872 1247 1019
2253 3 1 788 1062 1193
2254 3 1 936 1210 1226
2255 3 1 960 1222 1041
2256 3 1 990 1317 1315
2257 3 1 829 1225 1034
2258 3 1 947 1233 1209
2259 3 1 878 1238 1022
2260 3 1 851 1048 1181
2261 3 1 142 1087 1227
2262 3 1 776 1203 1175
2263 3 1 114 115 1274
2264 3 1 117 118 1260
2265 3 1 823 1028 1281
2266 3 1 941 1246 1071
2267 3 1 153 1036 1241
2268 3 1 169 1242 1037
2269 3 1 909 1171 1065
2270 3 1 4 1317 208
2271 3 1 886 1227 1087
2272 3 1 180 1218 1078
2273 3 1 817 1200 1142
2274 3 1 832 1226 1156
2275 3 1 193 1166 1057
2276 3 1 129 1056 1167
2277 3 1 903 1031 1249
2278 3 1 806 1285 1077
2279 3 1 780 1249 1031
2280 3 1 785 1027 1342
2281 3 1 900 1077 1285
2282 3 1 879 1065 1171
2283 3 1 795 1300 1061
2284 3 1 189 190 1284
2285 3 1 819 1017 1314
2286 3 1 4 85 1317
2287 3 1 772 1205 1034
2288 3 1 881 1078 1218
2289 3 1 851 1282 1114
2290 3 1 132 133 1358
2291 3 1 191 192 1357
2292 3 1 85 1315 1317
2293 3 1 123 124 1355
2294 3 1 198 199 1354
2295 3 1 917 1343 1073
2296 3 1 184 185 1347
2297 3 1 137 138 1341
2298 3 1 775 1042 1213
2299 3 1 130 131 1336
2300 3 1 899 1142 1200
2301 3 1 204 205 1343
2302 3 1 979 1253 1353
2303 3 1 866 1226 1210
2304 3 1 878 1237 1178
2305 3 1 755 1028 1257
2306 3 1 161 1185 1100
2307 3 1 994 1318 1196
2308 3 1 81 1282 82
2309 3 1 855 1348 1105
2310 3 1 833 1339 1082
2311 3 1 84 1315 85
2312 3 1 884 1353 1253
2313 3 1 942 1116 1225
2314 3 1 849 1153 1106
2315 3 1 848 1097 1150
2316 3 1 205 1073 1343
2317 3 1 900 1061 1300
2318 3 1 853 1193 1062
2319 3 1 962 1219 1254
2320 3 1 871 1106 1153
2321 3 1 780 1058 1249
2322 3 1 773 1024 1283
2323 3 1 845 1075 1169
2324 3 1 846 1170 1076
2325 3 1 871 1176 1089
2326 3 1 757 1254 1219
2327 3 1 973 1239 1309
2328 3 1 765 1104 1324
2329 3 1 905 1309 1239
2330 3 1 803 1162 1351
2331 3 1 810 1323 1201
2332 3 1 836 1069 1308
2333 3 1 910 1324 1104
2334 3 1 965 1138 1224
2335 3 1 926 1178 1237
2336 3 1 894 1295 1100
2337 3 1 776 1223 1203
2338 3 1 150 151 1302
2339 3 1 171 172 1303
2340 3 1 873 1206 1122
2341 3 1 870 1150 1097
2342 3 1 789 1043 1298
2343 3 1 883 1100 1185
2344 3 1 780 1031 1311
2345 3 1 789 1237 1333
2346 3 1 870 1110 1177
2347 3 1 967 1201 1323
2348 3 1 864 1186 1109
2349 3 1 929 1192 1119
2350 3 1 848 1243 1053
2351 3 1 832 1070 1272
2352 3 1 899 1328 1142
2353 3 1 207 1067 1313
2354 3 1 868 1234 1074
2355 3 1 841 1119 1192
2356 3 1 151 1063 1302
2357 3 1 171 1303 1064
2358 3 1 851 1181 1095
2359 3 1 923 1203 1223
2360 3 1 787 1074 1234
2361 3 1 777 1266 1273
2362 3 1 865 1103 1293
2363 3 1 755 1122 1206
2364 3 1 825 1050 1338
2365 3 1 826 1337 1051
2366 3 1 936 1107 1205
2367 3 1 1057 1166 1337
2368 3 1 1056 1338 1167
2369 3 1 936 1226 1072
2370 3 1 836 1308 1115
2371 3 1 121 1238 1178
2372 3 1 115 1048 1274
2373 3 1 858 1220 1081
2374 3 1 861 1267 1108
2375 3 1 849 1052 1246
2376 3 1 827 1248 1096
2377 3 1 893 1044 1349
2378 3 1 833 1359 1071
2379 3 1 959 1297 1273
2380 3 1 915 1256 1229
2381 3 1 927 1302 1063
2382 3 1 928 1064 1303
2383 3 1 882 1273 1297
2384 3 1 809 1250 1109
2385 3 1 894 1060 1295
2386 3 1 959 1273 1266
2387 3 1 885 1096 1248
2388 3 1 857 1147 1289
2389 3 1 920 1313 1067
2390 3 1 852 1099 1196
2391 3 1 798 1099 1222
2392 3 1 776 1101 1223
2393 3 1 871 1335 1106
2394 3 1 868 1074 1259
2395 3 1 861 1061 1267
2396 3 1 804 1168 1326
2397 3 1 890 1338 1050
2398 3 1 889 1051 1337
2399 3 1 762 1228 1111
2400 3 1 84 1044 1315
2401 3 1 764 1229 1256
2402 3 1 833 1082 1359
2403 3 1 859 1340 1266
2404 3 1 864 1109 1250
2405 3 1 878 1345 1090
2406 3 1 879 1091 1346
2407 3 1 767 1261 1112
2408 3 1 832 1272 1072
2409 3 1 897 1307 1180
2410 3 1 860 1224 1138
2411 3 1 863 1086 1245
2412 3 1 918 1161 1325
2413 3 1 82 1282 1068
2414 3 1 867 1244 1174
2415 3 1 114 1274 1114
2416 3 1 759 1085 1325
2417 3 1 861 1308 1069
2418 3 1 882 1297 1098
2419 3 1 797 1334 1090
2420 3 1 882 1098 1352
2421 3 1 865 1258 1103
2422 3 1 790 1214 1130
2423 3 1 790 1293 1103
2424 3 1 979 1319 1344
2425 3 1 874 1304 1163
2426 3 1 899 1200 1292
2427 3 1 959 1266 1340
2428 3 1 888 1112 1261
2429 3 1 797 1090 1345
2430 3 1 796 1346 1091
2431 3 1 796 1098 1297
2432 3 1 762 1111 1289
2433 3 1 912 1344 1319
2434 3 1 884 1101 1353
2435 3 1 81 1114 1282
2436 3 1 891 1090 1334
2437 3 1 976 1289 1111
2438 3 1 866 1156 1226
2439 3 1 763 1301 1121
2440 3 1 949 1359 1082
2441 3 1 139 1356 1092
2442 3 1 852 1196 1318
2443 3 1 954 1316 1142
2444 3 1 878 1178 1238
2445 3 1 968 1157 1279
2446 3 1 867 1121 1301
2447 3 1 882 1352 1121
2448 3 1 119 1102 1299
2449 3 1 924 1292 1200
2450 3 1 891 1333 1090
2451 3 1 892 1091 1332
2452 3 1 858 1152 1220
2453 3 1 776 1353 1101
2454 3 1 819 1314 1123
2455 3 1 782 1288 1140
2456 3 1 183 1105 1348
2457 3 1 859 1266 1151
2458 3 1 866 1254 1156
2459 3 1 869 1286 1129
2460 3 1 887 1123 1314
2461 3 1 781 1146 1296
2462 3 1 762 1289 1147
2463 3 1 146 1131 1270
2464 3 1 176 1271 1132
2465 3 1 817 1142 1316
2466 3 1 877 1140 1288
2467 3 1 862 1168 1264
2468 3 1 887 1330 1128
2469 3 1 862 1255 1143
2470 3 1 914 1279 1157
2471 3 1 946 1310 1305
2472 3 1 876 1296 1146
2473 3 1 788 1193 1332
2474 3 1 925 1281 1141
2475 3 1 758 1106 1335
2476 3 1 763 1352 1329
2477 3 1 768 1128 1330
2478 3 1 763 1329 1135
2479 3 1 874 1137 1304
2480 3 1 896 1305 1310
2481 3 1 763 1121 1352
2482 3 1 919 1189 1275
2483 3 1 759 1275 1189
2484 3 1 758 1335 1280
2485 3 1 758 1280 1186
2486 3 1 891 1160 1333
2487 3 1 862 1326 1168
2488 3 1 943 1324 1331
2489 3 1 958 1280 1335
2490 3 1 150 1302 1268
2491 3 1 172 1269 1303
2492 3 1 892 1332 1193
2493 3 1 789 1333 1160
2494 3 1 877 1288 1232
2495 3 1 972 1232 1288
2496 3 1 876 1231 1296
2497 3 1 971 1296 1231
2498 3 1 889 1337 1166
2499 3 1 890 1167 1338
2500 3 1 910 1331 1324
2501 3 1 810 1307 1230
2502 3 1 927 1268 1302
2503 3 1 928 1303 1269
2504 3 1 979 1344 1253
2505 3 1 897 1230 1307
2506 3 1 789 1298 1237
2507 3 1 954 1321 1285
2508 3 1 887 1314 1330
2509 3 1 926 1237 1298
2510 3 1 186 1350 1197
2511 3 1 900 1285 1321
2512 3 1 791 1253 1344
2513 3 1 1017 1330 1314
